0 0 -78.0 0.0
0 0 -78.0 0.0
0 0 -78.0 0.0
0 0 -78.0 0.0
0 0 -78.0 0.0
0 0 -78.0 0.0
0 0 -78.0 0.0
0 0 -78.0 0.0
0 0 -78.0 0.0
0 0 -78.0 0.0
0 1 -54.0 0.0
0 1 -54.0 0.0
0 1 -54.0 0.0
0 1 -54.0 0.0
0 1 -54.0 0.0
0 1 -54.0 0.0
0 1 -54.0 0.0
0 1 -54.0 0.0
0 1 -54.0 0.0
0 1 -54.0 0.0
0 2 -30.0 0.0
0 2 -30.0 0.0
0 2 -30.0 0.0
0 2 -30.0 0.0
0 2 -30.0 0.0
0 2 -30.0 0.0
0 2 -30.0 0.0
0 2 -30.0 0.0
0 2 -30.0 0.0
0 2 -30.0 0.0
0 3 -6.0 0.0
0 3 -6.0 0.0
0 3 -6.0 0.0
0 3 -6.0 0.0
0 3 -6.0 0.0
0 3 -6.0 0.0
0 3 -6.0 0.0
0 3 -6.0 0.0
0 3 -6.0 0.0
0 3 -6.0 0.0
1 0 -78.0 0.0
1 0 -78.0 0.0
1 0 -78.0 0.0
1 0 -78.0 0.0
1 0 -78.0 0.0
1 0 -78.0 0.0
1 0 -78.0 0.0
1 0 -78.0 0.0
1 0 -78.0 0.0
1 0 -78.0 0.0
1 1 -54.0 0.0
1 1 -54.0 0.0
1 1 -54.0 0.0
1 1 -54.0 0.0
1 1 -54.0 0.0
1 1 -54.0 0.0
1 1 -54.0 0.0
1 1 -54.0 0.0
1 1 -54.0 0.0
1 1 -54.0 0.0
1 2 -30.0 0.0
1 2 -30.0 0.0
1 2 -30.0 0.0
1 2 -30.0 0.0
1 2 -30.0 0.0
1 2 -30.0 0.0
1 2 -30.0 0.0
1 2 -30.0 0.0
1 2 -30.0 0.0
1 2 -30.0 0.0
1 3 -6.0 0.0
1 3 -6.0 0.0
1 3 -6.0 0.0
1 3 -6.0 0.0
1 3 -6.0 0.0
1 3 -6.0 0.0
1 3 -6.0 0.0
1 3 -6.0 0.0
1 3 -6.0 0.0
1 3 -6.0 0.0
2 0 -78.0 27.6923076923
2 0 -78.0 27.6923076923
2 0 -78.0 27.6923076923
2 0 -78.0 27.6923076923
2 0 -78.0 27.6923076923
2 0 -78.0 27.6923076923
2 0 -78.0 27.6923076923
2 0 -78.0 27.6923076923
2 0 -78.0 27.6923076923
2 0 -78.0 27.6923076923
2 1 -54.0 27.6923076923
2 1 -54.0 27.6923076923
2 1 -54.0 27.6923076923
2 1 -54.0 27.6923076923
2 1 -54.0 27.6923076923
2 1 -54.0 27.6923076923
2 1 -54.0 27.6923076923
2 1 -54.0 27.6923076923
2 1 -54.0 27.6923076923
2 1 -54.0 27.6923076923
2 2 -30.0 27.6923076923
2 2 -30.0 27.6923076923
2 2 -30.0 27.6923076923
2 2 -30.0 27.6923076923
2 2 -30.0 27.6923076923
2 2 -30.0 27.6923076923
2 2 -30.0 27.6923076923
2 2 -30.0 27.6923076923
2 2 -30.0 27.6923076923
2 2 -30.0 27.6923076923
2 3 -6.0 27.6923076923
2 3 -6.0 27.6923076923
2 3 -6.0 27.6923076923
2 3 -6.0 27.6923076923
2 3 -6.0 27.6923076923
2 3 -6.0 27.6923076923
2 3 -6.0 27.6923076923
2 3 -6.0 27.6923076923
2 3 -6.0 27.6923076923
2 3 -6.0 27.6923076923
3 0 -78.0 27.6923076923
3 0 -78.0 27.6923076923
3 0 -78.0 27.6923076923
3 0 -78.0 27.6923076923
3 0 -78.0 27.6923076923
3 0 -78.0 27.6923076923
3 0 -78.0 27.6923076923
3 0 -78.0 27.6923076923
3 0 -78.0 27.6923076923
3 0 -78.0 27.6923076923
3 1 -54.0 27.6923076923
3 1 -54.0 27.6923076923
3 1 -54.0 27.6923076923
3 1 -54.0 27.6923076923
3 1 -54.0 27.6923076923
3 1 -54.0 27.6923076923
3 1 -54.0 27.6923076923
3 1 -54.0 27.6923076923
3 1 -54.0 27.6923076923
3 1 -54.0 27.6923076923
3 2 -30.0 27.6923076923
3 2 -30.0 27.6923076923
3 2 -30.0 27.6923076923
3 2 -30.0 27.6923076923
3 2 -30.0 27.6923076923
3 2 -30.0 27.6923076923
3 2 -30.0 27.6923076923
3 2 -30.0 27.6923076923
3 2 -30.0 27.6923076923
3 2 -30.0 27.6923076923
3 3 -6.0 27.6923076923
3 3 -6.0 27.6923076923
3 3 -6.0 27.6923076923
3 3 -6.0 27.6923076923
3 3 -6.0 27.6923076923
3 3 -6.0 27.6923076923
3 3 -6.0 27.6923076923
3 3 -6.0 27.6923076923
3 3 -6.0 27.6923076923
3 3 -6.0 27.6923076923
4 0 -78.0 55.3846153846
4 0 -78.0 55.3846153846
4 0 -78.0 55.3846153846
4 0 -78.0 55.3846153846
4 0 -78.0 55.3846153846
4 0 -78.0 55.3846153846
4 0 -78.0 55.3846153846
4 0 -78.0 55.3846153846
4 0 -78.0 55.3846153846
4 0 -78.0 55.3846153846
4 1 -54.0 55.3846153846
4 1 -54.0 55.3846153846
4 1 -54.0 55.3846153846
4 1 -54.0 55.3846153846
4 1 -54.0 55.3846153846
4 1 -54.0 55.3846153846
4 1 -54.0 55.3846153846
4 1 -54.0 55.3846153846
4 1 -54.0 55.3846153846
4 1 -54.0 55.3846153846
4 2 -30.0 55.3846153846
4 2 -30.0 55.3846153846
4 2 -30.0 55.3846153846
4 2 -30.0 55.3846153846
4 2 -30.0 55.3846153846
4 2 -30.0 55.3846153846
4 2 -30.0 55.3846153846
4 2 -30.0 55.3846153846
4 2 -30.0 55.3846153846
4 2 -30.0 55.3846153846
4 3 -6.0 55.3846153846
4 3 -6.0 55.3846153846
4 3 -6.0 55.3846153846
4 3 -6.0 55.3846153846
4 3 -6.0 55.3846153846
4 3 -6.0 55.3846153846
4 3 -6.0 55.3846153846
4 3 -6.0 55.3846153846
4 3 -6.0 55.3846153846
4 3 -6.0 55.3846153846
5 0 -78.0 55.3846153846
5 0 -78.0 55.3846153846
5 0 -78.0 55.3846153846
5 0 -78.0 55.3846153846
5 0 -78.0 55.3846153846
5 0 -78.0 55.3846153846
5 0 -78.0 55.3846153846
5 0 -78.0 55.3846153846
5 0 -78.0 55.3846153846
5 0 -78.0 55.3846153846
5 1 -54.0 55.3846153846
5 1 -54.0 55.3846153846
5 1 -54.0 55.3846153846
5 1 -54.0 55.3846153846
5 1 -54.0 55.3846153846
5 1 -54.0 55.3846153846
5 1 -54.0 55.3846153846
5 1 -54.0 55.3846153846
5 1 -54.0 55.3846153846
5 1 -54.0 55.3846153846
5 2 -30.0 55.3846153846
5 2 -30.0 55.3846153846
5 2 -30.0 55.3846153846
5 2 -30.0 55.3846153846
5 2 -30.0 55.3846153846
5 2 -30.0 55.3846153846
5 2 -30.0 55.3846153846
5 2 -30.0 55.3846153846
5 2 -30.0 55.3846153846
5 2 -30.0 55.3846153846
5 3 -6.0 55.3846153846
5 3 -6.0 55.3846153846
5 3 -6.0 55.3846153846
5 3 -6.0 55.3846153846
5 3 -6.0 55.3846153846
5 3 -6.0 55.3846153846
5 3 -6.0 55.3846153846
5 3 -6.0 55.3846153846
5 3 -6.0 55.3846153846
5 3 -6.0 55.3846153846
6 0 -78.0 83.0769230769
6 0 -78.0 83.0769230769
6 0 -78.0 83.0769230769
6 0 -78.0 83.0769230769
6 0 -78.0 83.0769230769
6 0 -78.0 83.0769230769
6 0 -78.0 83.0769230769
6 0 -78.0 83.0769230769
6 0 -78.0 83.0769230769
6 0 -78.0 83.0769230769
6 1 -54.0 83.0769230769
6 1 -54.0 83.0769230769
6 1 -54.0 83.0769230769
6 1 -54.0 83.0769230769
6 1 -54.0 83.0769230769
6 1 -54.0 83.0769230769
6 1 -54.0 83.0769230769
6 1 -54.0 83.0769230769
6 1 -54.0 83.0769230769
6 1 -54.0 83.0769230769
6 2 -30.0 83.0769230769
6 2 -30.0 83.0769230769
6 2 -30.0 83.0769230769
6 2 -30.0 83.0769230769
6 2 -30.0 83.0769230769
6 2 -30.0 83.0769230769
6 2 -30.0 83.0769230769
6 2 -30.0 83.0769230769
6 2 -30.0 83.0769230769
6 2 -30.0 83.0769230769
6 3 -6.0 83.0769230769
6 3 -6.0 83.0769230769
6 3 -6.0 83.0769230769
6 3 -6.0 83.0769230769
6 3 -6.0 83.0769230769
6 3 -6.0 83.0769230769
6 3 -6.0 83.0769230769
6 3 -6.0 83.0769230769
6 3 -6.0 83.0769230769
6 3 -6.0 83.0769230769
7 0 -78.0 83.0769230769
7 0 -78.0 83.0769230769
7 0 -78.0 83.0769230769
7 0 -78.0 83.0769230769
7 0 -78.0 83.0769230769
7 0 -78.0 83.0769230769
7 0 -78.0 83.0769230769
7 0 -78.0 83.0769230769
7 0 -78.0 83.0769230769
7 0 -78.0 83.0769230769
7 1 -54.0 83.0769230769
7 1 -54.0 83.0769230769
7 1 -54.0 83.0769230769
7 1 -54.0 83.0769230769
7 1 -54.0 83.0769230769
7 1 -54.0 83.0769230769
7 1 -54.0 83.0769230769
7 1 -54.0 83.0769230769
7 1 -54.0 83.0769230769
7 1 -54.0 83.0769230769
7 2 -30.0 83.0769230769
7 2 -30.0 83.0769230769
7 2 -30.0 83.0769230769
7 2 -30.0 83.0769230769
7 2 -30.0 83.0769230769
7 2 -30.0 83.0769230769
7 2 -30.0 83.0769230769
7 2 -30.0 83.0769230769
7 2 -30.0 83.0769230769
7 2 -30.0 83.0769230769
7 3 -6.0 83.0769230769
7 3 -6.0 83.0769230769
7 3 -6.0 83.0769230769
7 3 -6.0 83.0769230769
7 3 -6.0 83.0769230769
7 3 -6.0 83.0769230769
7 3 -6.0 83.0769230769
7 3 -6.0 83.0769230769
7 3 -6.0 83.0769230769
7 3 -6.0 83.0769230769
8 0 -78.0 110.769230769
8 0 -78.0 110.769230769
8 0 -78.0 110.769230769
8 0 -78.0 110.769230769
8 0 -78.0 110.769230769
8 0 -78.0 110.769230769
8 0 -78.0 110.769230769
8 0 -78.0 110.769230769
8 0 -78.0 110.769230769
8 0 -78.0 110.769230769
8 1 -54.0 110.769230769
8 1 -54.0 110.769230769
8 1 -54.0 110.769230769
8 1 -54.0 110.769230769
8 1 -54.0 110.769230769
8 1 -54.0 110.769230769
8 1 -54.0 110.769230769
8 1 -54.0 110.769230769
8 1 -54.0 110.769230769
8 1 -54.0 110.769230769
8 2 -30.0 110.769230769
8 2 -30.0 110.769230769
8 2 -30.0 110.769230769
8 2 -30.0 110.769230769
8 2 -30.0 110.769230769
8 2 -30.0 110.769230769
8 2 -30.0 110.769230769
8 2 -30.0 110.769230769
8 2 -30.0 110.769230769
8 2 -30.0 110.769230769
8 3 -6.0 110.769230769
8 3 -6.0 110.769230769
8 3 -6.0 110.769230769
8 3 -6.0 110.769230769
8 3 -6.0 110.769230769
8 3 -6.0 110.769230769
8 3 -6.0 110.769230769
8 3 -6.0 110.769230769
8 3 -6.0 110.769230769
8 3 -6.0 110.769230769
9 0 -78.0 110.769230769
9 0 -78.0 110.769230769
9 0 -78.0 110.769230769
9 0 -78.0 110.769230769
9 0 -78.0 110.769230769
9 0 -78.0 110.769230769
9 0 -78.0 110.769230769
9 0 -78.0 110.769230769
9 0 -78.0 110.769230769
9 0 -78.0 110.769230769
9 1 -54.0 110.769230769
9 1 -54.0 110.769230769
9 1 -54.0 110.769230769
9 1 -54.0 110.769230769
9 1 -54.0 110.769230769
9 1 -54.0 110.769230769
9 1 -54.0 110.769230769
9 1 -54.0 110.769230769
9 1 -54.0 110.769230769
9 1 -54.0 110.769230769
9 2 -30.0 110.769230769
9 2 -30.0 110.769230769
9 2 -30.0 110.769230769
9 2 -30.0 110.769230769
9 2 -30.0 110.769230769
9 2 -30.0 110.769230769
9 2 -30.0 110.769230769
9 2 -30.0 110.769230769
9 2 -30.0 110.769230769
9 2 -30.0 110.769230769
9 3 -6.0 110.769230769
9 3 -6.0 110.769230769
9 3 -6.0 110.769230769
9 3 -6.0 110.769230769
9 3 -6.0 110.769230769
9 3 -6.0 110.769230769
9 3 -6.0 110.769230769
9 3 -6.0 110.769230769
9 3 -6.0 110.769230769
9 3 -6.0 110.769230769
10 0 -78.0 138.461538462
10 0 -78.0 138.461538462
10 0 -78.0 138.461538462
10 0 -78.0 138.461538462
10 0 -78.0 138.461538462
10 0 -78.0 138.461538462
10 0 -78.0 138.461538462
10 0 -78.0 138.461538462
10 0 -78.0 138.461538462
10 0 -78.0 138.461538462
10 1 -54.0 138.461538462
10 1 -54.0 138.461538462
10 1 -54.0 138.461538462
10 1 -54.0 138.461538462
10 1 -54.0 138.461538462
10 1 -54.0 138.461538462
10 1 -54.0 138.461538462
10 1 -54.0 138.461538462
10 1 -54.0 138.461538462
10 1 -54.0 138.461538462
10 2 -30.0 138.461538462
10 2 -30.0 138.461538462
10 2 -30.0 138.461538462
10 2 -30.0 138.461538462
10 2 -30.0 138.461538462
10 2 -30.0 138.461538462
10 2 -30.0 138.461538462
10 2 -30.0 138.461538462
10 2 -30.0 138.461538462
10 2 -30.0 138.461538462
10 3 -6.0 138.461538462
10 3 -6.0 138.461538462
10 3 -6.0 138.461538462
10 3 -6.0 138.461538462
10 3 -6.0 138.461538462
10 3 -6.0 138.461538462
10 3 -6.0 138.461538462
10 3 -6.0 138.461538462
10 3 -6.0 138.461538462
10 3 -6.0 138.461538462
11 0 -78.0 138.461538462
11 0 -78.0 138.461538462
11 0 -78.0 138.461538462
11 0 -78.0 138.461538462
11 0 -78.0 138.461538462
11 0 -78.0 138.461538462
11 0 -78.0 138.461538462
11 0 -78.0 138.461538462
11 0 -78.0 138.461538462
11 0 -78.0 138.461538462
11 1 -54.0 138.461538462
11 1 -54.0 138.461538462
11 1 -54.0 138.461538462
11 1 -54.0 138.461538462
11 1 -54.0 138.461538462
11 1 -54.0 138.461538462
11 1 -54.0 138.461538462
11 1 -54.0 138.461538462
11 1 -54.0 138.461538462
11 1 -54.0 138.461538462
11 2 -30.0 138.461538462
11 2 -30.0 138.461538462
11 2 -30.0 138.461538462
11 2 -30.0 138.461538462
11 2 -30.0 138.461538462
11 2 -30.0 138.461538462
11 2 -30.0 138.461538462
11 2 -30.0 138.461538462
11 2 -30.0 138.461538462
11 2 -30.0 138.461538462
11 3 -6.0 138.461538462
11 3 -6.0 138.461538462
11 3 -6.0 138.461538462
11 3 -6.0 138.461538462
11 3 -6.0 138.461538462
11 3 -6.0 138.461538462
11 3 -6.0 138.461538462
11 3 -6.0 138.461538462
11 3 -6.0 138.461538462
11 3 -6.0 138.461538462
12 0 -78.0 166.153846154
12 0 -78.0 166.153846154
12 0 -78.0 166.153846154
12 0 -78.0 166.153846154
12 0 -78.0 166.153846154
12 0 -78.0 166.153846154
12 0 -78.0 166.153846154
12 0 -78.0 166.153846154
12 0 -78.0 166.153846154
12 0 -78.0 166.153846154
12 1 -54.0 166.153846154
12 1 -54.0 166.153846154
12 1 -54.0 166.153846154
12 1 -54.0 166.153846154
12 1 -54.0 166.153846154
12 1 -54.0 166.153846154
12 1 -54.0 166.153846154
12 1 -54.0 166.153846154
12 1 -54.0 166.153846154
12 1 -54.0 166.153846154
12 2 -30.0 166.153846154
12 2 -30.0 166.153846154
12 2 -30.0 166.153846154
12 2 -30.0 166.153846154
12 2 -30.0 166.153846154
12 2 -30.0 166.153846154
12 2 -30.0 166.153846154
12 2 -30.0 166.153846154
12 2 -30.0 166.153846154
12 2 -30.0 166.153846154
12 3 -6.0 166.153846154
12 3 -6.0 166.153846154
12 3 -6.0 166.153846154
12 3 -6.0 166.153846154
12 3 -6.0 166.153846154
12 3 -6.0 166.153846154
12 3 -6.0 166.153846154
12 3 -6.0 166.153846154
12 3 -6.0 166.153846154
12 3 -6.0 166.153846154
13 0 -78.0 166.153846154
13 0 -78.0 166.153846154
13 0 -78.0 166.153846154
13 0 -78.0 166.153846154
13 0 -78.0 166.153846154
13 0 -78.0 166.153846154
13 0 -78.0 166.153846154
13 0 -78.0 166.153846154
13 0 -78.0 166.153846154
13 0 -78.0 166.153846154
13 1 -54.0 166.153846154
13 1 -54.0 166.153846154
13 1 -54.0 166.153846154
13 1 -54.0 166.153846154
13 1 -54.0 166.153846154
13 1 -54.0 166.153846154
13 1 -54.0 166.153846154
13 1 -54.0 166.153846154
13 1 -54.0 166.153846154
13 1 -54.0 166.153846154
13 2 -30.0 166.153846154
13 2 -30.0 166.153846154
13 2 -30.0 166.153846154
13 2 -30.0 166.153846154
13 2 -30.0 166.153846154
13 2 -30.0 166.153846154
13 2 -30.0 166.153846154
13 2 -30.0 166.153846154
13 2 -30.0 166.153846154
13 2 -30.0 166.153846154
13 3 -6.0 166.153846154
13 3 -6.0 166.153846154
13 3 -6.0 166.153846154
13 3 -6.0 166.153846154
13 3 -6.0 166.153846154
13 3 -6.0 166.153846154
13 3 -6.0 166.153846154
13 3 -6.0 166.153846154
13 3 -6.0 166.153846154
13 3 -6.0 166.153846154
14 0 -78.0 193.846153846
14 0 -78.0 193.846153846
14 0 -78.0 193.846153846
14 0 -78.0 193.846153846
14 0 -78.0 193.846153846
14 0 -78.0 193.846153846
14 0 -78.0 193.846153846
14 0 -78.0 193.846153846
14 0 -78.0 193.846153846
14 0 -78.0 193.846153846
14 1 -54.0 193.846153846
14 1 -54.0 193.846153846
14 1 -54.0 193.846153846
14 1 -54.0 193.846153846
14 1 -54.0 193.846153846
14 1 -54.0 193.846153846
14 1 -54.0 193.846153846
14 1 -54.0 193.846153846
14 1 -54.0 193.846153846
14 1 -54.0 193.846153846
14 2 -30.0 193.846153846
14 2 -30.0 193.846153846
14 2 -30.0 193.846153846
14 2 -30.0 193.846153846
14 2 -30.0 193.846153846
14 2 -30.0 193.846153846
14 2 -30.0 193.846153846
14 2 -30.0 193.846153846
14 2 -30.0 193.846153846
14 2 -30.0 193.846153846
14 3 -6.0 193.846153846
14 3 -6.0 193.846153846
14 3 -6.0 193.846153846
14 3 -6.0 193.846153846
14 3 -6.0 193.846153846
14 3 -6.0 193.846153846
14 3 -6.0 193.846153846
14 3 -6.0 193.846153846
14 3 -6.0 193.846153846
14 3 -6.0 193.846153846
15 0 -78.0 193.846153846
15 0 -78.0 193.846153846
15 0 -78.0 193.846153846
15 0 -78.0 193.846153846
15 0 -78.0 193.846153846
15 0 -78.0 193.846153846
15 0 -78.0 193.846153846
15 0 -78.0 193.846153846
15 0 -78.0 193.846153846
15 0 -78.0 193.846153846
15 1 -54.0 193.846153846
15 1 -54.0 193.846153846
15 1 -54.0 193.846153846
15 1 -54.0 193.846153846
15 1 -54.0 193.846153846
15 1 -54.0 193.846153846
15 1 -54.0 193.846153846
15 1 -54.0 193.846153846
15 1 -54.0 193.846153846
15 1 -54.0 193.846153846
15 2 -30.0 193.846153846
15 2 -30.0 193.846153846
15 2 -30.0 193.846153846
15 2 -30.0 193.846153846
15 2 -30.0 193.846153846
15 2 -30.0 193.846153846
15 2 -30.0 193.846153846
15 2 -30.0 193.846153846
15 2 -30.0 193.846153846
15 2 -30.0 193.846153846
15 3 -6.0 193.846153846
15 3 -6.0 193.846153846
15 3 -6.0 193.846153846
15 3 -6.0 193.846153846
15 3 -6.0 193.846153846
15 3 -6.0 193.846153846
15 3 -6.0 193.846153846
15 3 -6.0 193.846153846
15 3 -6.0 193.846153846
15 3 -6.0 193.846153846
16 0 -78.0 221.538461538
16 0 -78.0 221.538461538
16 0 -78.0 221.538461538
16 0 -78.0 221.538461538
16 0 -78.0 221.538461538
16 0 -78.0 221.538461538
16 0 -78.0 221.538461538
16 0 -78.0 221.538461538
16 0 -78.0 221.538461538
16 0 -78.0 221.538461538
16 1 -54.0 221.538461538
16 1 -54.0 221.538461538
16 1 -54.0 221.538461538
16 1 -54.0 221.538461538
16 1 -54.0 221.538461538
16 1 -54.0 221.538461538
16 1 -54.0 221.538461538
16 1 -54.0 221.538461538
16 1 -54.0 221.538461538
16 1 -54.0 221.538461538
16 2 -30.0 221.538461538
16 2 -30.0 221.538461538
16 2 -30.0 221.538461538
16 2 -30.0 221.538461538
16 2 -30.0 221.538461538
16 2 -30.0 221.538461538
16 2 -30.0 221.538461538
16 2 -30.0 221.538461538
16 2 -30.0 221.538461538
16 2 -30.0 221.538461538
16 3 -6.0 221.538461538
16 3 -6.0 221.538461538
16 3 -6.0 221.538461538
16 3 -6.0 221.538461538
16 3 -6.0 221.538461538
16 3 -6.0 221.538461538
16 3 -6.0 221.538461538
16 3 -6.0 221.538461538
16 3 -6.0 221.538461538
16 3 -6.0 221.538461538
17 0 -78.0 221.538461538
17 0 -78.0 221.538461538
17 0 -78.0 221.538461538
17 0 -78.0 221.538461538
17 0 -78.0 221.538461538
17 0 -78.0 221.538461538
17 0 -78.0 221.538461538
17 0 -78.0 221.538461538
17 0 -78.0 221.538461538
17 0 -78.0 221.538461538
17 1 -54.0 221.538461538
17 1 -54.0 221.538461538
17 1 -54.0 221.538461538
17 1 -54.0 221.538461538
17 1 -54.0 221.538461538
17 1 -54.0 221.538461538
17 1 -54.0 221.538461538
17 1 -54.0 221.538461538
17 1 -54.0 221.538461538
17 1 -54.0 221.538461538
17 2 -30.0 221.538461538
17 2 -30.0 221.538461538
17 2 -30.0 221.538461538
17 2 -30.0 221.538461538
17 2 -30.0 221.538461538
17 2 -30.0 221.538461538
17 2 -30.0 221.538461538
17 2 -30.0 221.538461538
17 2 -30.0 221.538461538
17 2 -30.0 221.538461538
17 3 -6.0 221.538461538
17 3 -6.0 221.538461538
17 3 -6.0 221.538461538
17 3 -6.0 221.538461538
17 3 -6.0 221.538461538
17 3 -6.0 221.538461538
17 3 -6.0 221.538461538
17 3 -6.0 221.538461538
17 3 -6.0 221.538461538
17 3 -6.0 221.538461538
18 0 -78.0 249.230769231
18 0 -78.0 249.230769231
18 0 -78.0 249.230769231
18 0 -78.0 249.230769231
18 0 -78.0 249.230769231
18 0 -78.0 249.230769231
18 0 -78.0 249.230769231
18 0 -78.0 249.230769231
18 0 -78.0 249.230769231
18 0 -78.0 249.230769231
18 1 -54.0 249.230769231
18 1 -54.0 249.230769231
18 1 -54.0 249.230769231
18 1 -54.0 249.230769231
18 1 -54.0 249.230769231
18 1 -54.0 249.230769231
18 1 -54.0 249.230769231
18 1 -54.0 249.230769231
18 1 -54.0 249.230769231
18 1 -54.0 249.230769231
18 2 -30.0 249.230769231
18 2 -30.0 249.230769231
18 2 -30.0 249.230769231
18 2 -30.0 249.230769231
18 2 -30.0 249.230769231
18 2 -30.0 249.230769231
18 2 -30.0 249.230769231
18 2 -30.0 249.230769231
18 2 -30.0 249.230769231
18 2 -30.0 249.230769231
18 3 -6.0 249.230769231
18 3 -6.0 249.230769231
18 3 -6.0 249.230769231
18 3 -6.0 249.230769231
18 3 -6.0 249.230769231
18 3 -6.0 249.230769231
18 3 -6.0 249.230769231
18 3 -6.0 249.230769231
18 3 -6.0 249.230769231
18 3 -6.0 249.230769231
19 0 -78.0 249.230769231
19 0 -78.0 249.230769231
19 0 -78.0 249.230769231
19 0 -78.0 249.230769231
19 0 -78.0 249.230769231
19 0 -78.0 249.230769231
19 0 -78.0 249.230769231
19 0 -78.0 249.230769231
19 0 -78.0 249.230769231
19 0 -78.0 249.230769231
19 1 -54.0 249.230769231
19 1 -54.0 249.230769231
19 1 -54.0 249.230769231
19 1 -54.0 249.230769231
19 1 -54.0 249.230769231
19 1 -54.0 249.230769231
19 1 -54.0 249.230769231
19 1 -54.0 249.230769231
19 1 -54.0 249.230769231
19 1 -54.0 249.230769231
19 2 -30.0 249.230769231
19 2 -30.0 249.230769231
19 2 -30.0 249.230769231
19 2 -30.0 249.230769231
19 2 -30.0 249.230769231
19 2 -30.0 249.230769231
19 2 -30.0 249.230769231
19 2 -30.0 249.230769231
19 2 -30.0 249.230769231
19 2 -30.0 249.230769231
19 3 -6.0 249.230769231
19 3 -6.0 249.230769231
19 3 -6.0 249.230769231
19 3 -6.0 249.230769231
19 3 -6.0 249.230769231
19 3 -6.0 249.230769231
19 3 -6.0 249.230769231
19 3 -6.0 249.230769231
19 3 -6.0 249.230769231
19 3 -6.0 249.230769231
20 0 -78.0 276.923076923
20 0 -78.0 276.923076923
20 0 -78.0 276.923076923
20 0 -78.0 276.923076923
20 0 -78.0 276.923076923
20 0 -78.0 276.923076923
20 0 -78.0 276.923076923
20 0 -78.0 276.923076923
20 0 -78.0 276.923076923
20 0 -78.0 276.923076923
20 1 -54.0 276.923076923
20 1 -54.0 276.923076923
20 1 -54.0 276.923076923
20 1 -54.0 276.923076923
20 1 -54.0 276.923076923
20 1 -54.0 276.923076923
20 1 -54.0 276.923076923
20 1 -54.0 276.923076923
20 1 -54.0 276.923076923
20 1 -54.0 276.923076923
20 2 -30.0 276.923076923
20 2 -30.0 276.923076923
20 2 -30.0 276.923076923
20 2 -30.0 276.923076923
20 2 -30.0 276.923076923
20 2 -30.0 276.923076923
20 2 -30.0 276.923076923
20 2 -30.0 276.923076923
20 2 -30.0 276.923076923
20 2 -30.0 276.923076923
20 3 -6.0 276.923076923
20 3 -6.0 276.923076923
20 3 -6.0 276.923076923
20 3 -6.0 276.923076923
20 3 -6.0 276.923076923
20 3 -6.0 276.923076923
20 3 -6.0 276.923076923
20 3 -6.0 276.923076923
20 3 -6.0 276.923076923
20 3 -6.0 276.923076923
21 0 -78.0 276.923076923
21 0 -78.0 276.923076923
21 0 -78.0 276.923076923
21 0 -78.0 276.923076923
21 0 -78.0 276.923076923
21 0 -78.0 276.923076923
21 0 -78.0 276.923076923
21 0 -78.0 276.923076923
21 0 -78.0 276.923076923
21 0 -78.0 276.923076923
21 1 -54.0 276.923076923
21 1 -54.0 276.923076923
21 1 -54.0 276.923076923
21 1 -54.0 276.923076923
21 1 -54.0 276.923076923
21 1 -54.0 276.923076923
21 1 -54.0 276.923076923
21 1 -54.0 276.923076923
21 1 -54.0 276.923076923
21 1 -54.0 276.923076923
21 2 -30.0 276.923076923
21 2 -30.0 276.923076923
21 2 -30.0 276.923076923
21 2 -30.0 276.923076923
21 2 -30.0 276.923076923
21 2 -30.0 276.923076923
21 2 -30.0 276.923076923
21 2 -30.0 276.923076923
21 2 -30.0 276.923076923
21 2 -30.0 276.923076923
21 3 -6.0 276.923076923
21 3 -6.0 276.923076923
21 3 -6.0 276.923076923
21 3 -6.0 276.923076923
21 3 -6.0 276.923076923
21 3 -6.0 276.923076923
21 3 -6.0 276.923076923
21 3 -6.0 276.923076923
21 3 -6.0 276.923076923
21 3 -6.0 276.923076923
22 0 -78.0 304.615384615
22 0 -78.0 304.615384615
22 0 -78.0 304.615384615
22 0 -78.0 304.615384615
22 0 -78.0 304.615384615
22 0 -78.0 304.615384615
22 0 -78.0 304.615384615
22 0 -78.0 304.615384615
22 0 -78.0 304.615384615
22 0 -78.0 304.615384615
22 1 -54.0 304.615384615
22 1 -54.0 304.615384615
22 1 -54.0 304.615384615
22 1 -54.0 304.615384615
22 1 -54.0 304.615384615
22 1 -54.0 304.615384615
22 1 -54.0 304.615384615
22 1 -54.0 304.615384615
22 1 -54.0 304.615384615
22 1 -54.0 304.615384615
22 2 -30.0 304.615384615
22 2 -30.0 304.615384615
22 2 -30.0 304.615384615
22 2 -30.0 304.615384615
22 2 -30.0 304.615384615
22 2 -30.0 304.615384615
22 2 -30.0 304.615384615
22 2 -30.0 304.615384615
22 2 -30.0 304.615384615
22 2 -30.0 304.615384615
22 3 -6.0 304.615384615
22 3 -6.0 304.615384615
22 3 -6.0 304.615384615
22 3 -6.0 304.615384615
22 3 -6.0 304.615384615
22 3 -6.0 304.615384615
22 3 -6.0 304.615384615
22 3 -6.0 304.615384615
22 3 -6.0 304.615384615
22 3 -6.0 304.615384615
23 0 -78.0 304.615384615
23 0 -78.0 304.615384615
23 0 -78.0 304.615384615
23 0 -78.0 304.615384615
23 0 -78.0 304.615384615
23 0 -78.0 304.615384615
23 0 -78.0 304.615384615
23 0 -78.0 304.615384615
23 0 -78.0 304.615384615
23 0 -78.0 304.615384615
23 1 -54.0 304.615384615
23 1 -54.0 304.615384615
23 1 -54.0 304.615384615
23 1 -54.0 304.615384615
23 1 -54.0 304.615384615
23 1 -54.0 304.615384615
23 1 -54.0 304.615384615
23 1 -54.0 304.615384615
23 1 -54.0 304.615384615
23 1 -54.0 304.615384615
23 2 -30.0 304.615384615
23 2 -30.0 304.615384615
23 2 -30.0 304.615384615
23 2 -30.0 304.615384615
23 2 -30.0 304.615384615
23 2 -30.0 304.615384615
23 2 -30.0 304.615384615
23 2 -30.0 304.615384615
23 2 -30.0 304.615384615
23 2 -30.0 304.615384615
23 3 -6.0 304.615384615
23 3 -6.0 304.615384615
23 3 -6.0 304.615384615
23 3 -6.0 304.615384615
23 3 -6.0 304.615384615
23 3 -6.0 304.615384615
23 3 -6.0 304.615384615
23 3 -6.0 304.615384615
23 3 -6.0 304.615384615
23 3 -6.0 304.615384615
24 0 -78.0 332.307692308
24 0 -78.0 332.307692308
24 0 -78.0 332.307692308
24 0 -78.0 332.307692308
24 0 -78.0 332.307692308
24 0 -78.0 332.307692308
24 0 -78.0 332.307692308
24 0 -78.0 332.307692308
24 0 -78.0 332.307692308
24 0 -78.0 332.307692308
24 1 -54.0 332.307692308
24 1 -54.0 332.307692308
24 1 -54.0 332.307692308
24 1 -54.0 332.307692308
24 1 -54.0 332.307692308
24 1 -54.0 332.307692308
24 1 -54.0 332.307692308
24 1 -54.0 332.307692308
24 1 -54.0 332.307692308
24 1 -54.0 332.307692308
24 2 -30.0 332.307692308
24 2 -30.0 332.307692308
24 2 -30.0 332.307692308
24 2 -30.0 332.307692308
24 2 -30.0 332.307692308
24 2 -30.0 332.307692308
24 2 -30.0 332.307692308
24 2 -30.0 332.307692308
24 2 -30.0 332.307692308
24 2 -30.0 332.307692308
24 3 -6.0 332.307692308
24 3 -6.0 332.307692308
24 3 -6.0 332.307692308
24 3 -6.0 332.307692308
24 3 -6.0 332.307692308
24 3 -6.0 332.307692308
24 3 -6.0 332.307692308
24 3 -6.0 332.307692308
24 3 -6.0 332.307692308
24 3 -6.0 332.307692308
25 0 -78.0 332.307692308
25 0 -78.0 332.307692308
25 0 -78.0 332.307692308
25 0 -78.0 332.307692308
25 0 -78.0 332.307692308
25 0 -78.0 332.307692308
25 0 -78.0 332.307692308
25 0 -78.0 332.307692308
25 0 -78.0 332.307692308
25 0 -78.0 332.307692308
25 1 -54.0 332.307692308
25 1 -54.0 332.307692308
25 1 -54.0 332.307692308
25 1 -54.0 332.307692308
25 1 -54.0 332.307692308
25 1 -54.0 332.307692308
25 1 -54.0 332.307692308
25 1 -54.0 332.307692308
25 1 -54.0 332.307692308
25 1 -54.0 332.307692308
25 2 -30.0 332.307692308
25 2 -30.0 332.307692308
25 2 -30.0 332.307692308
25 2 -30.0 332.307692308
25 2 -30.0 332.307692308
25 2 -30.0 332.307692308
25 2 -30.0 332.307692308
25 2 -30.0 332.307692308
25 2 -30.0 332.307692308
25 2 -30.0 332.307692308
25 3 -6.0 332.307692308
25 3 -6.0 332.307692308
25 3 -6.0 332.307692308
25 3 -6.0 332.307692308
25 3 -6.0 332.307692308
25 3 -6.0 332.307692308
25 3 -6.0 332.307692308
25 3 -6.0 332.307692308
25 3 -6.0 332.307692308
25 3 -6.0 332.307692308
