0 1 357.59533 -28.062195
1 1 15.192261 -27.590010
2 1 2.5768279 -31.503021
3 1 339.47056 -31.952595
4 1 353.76725 -28.073830
5 1 356.96742 -24.723472
6 1 40.183091 -24.217449
7 1 5.6600681 -26.937349
8 1 6.5181733 -31.260768
9 1 3.4234535 -34.802763
10 1 315.65088 -35.283997
11 1 354.01586 -32.450500
12 1 350.21749 -28.153508
13 1 352.56743 -24.128167
14 1 356.65254 -21.683606
15 1 65.413416 -21.146692
16 1 5.8899594 -22.823455
17 1 9.0701523 -26.314728
18 1 10.036168 -30.743253
19 1 8.3913206 -34.991121
20 1 4.0282786 -37.849117
21 1 286.01241 -38.390427
22 1 353.21282 -36.465079
23 1 350.34054 -32.638923
24 1 346.80276 -28.107820
25 1 348.65385 -23.940999
26 1 352.00761 -20.640461
27 1 356.29672 -18.647396
28 1 95.537883 -18.175698
29 1 5.6562209 -19.283875
30 1 9.5875859 -21.920414
31 1 12.388262 -25.740164
32 1 13.531189 -30.137374
33 1 12.613087 -34.581944
34 1 9.6350222 -38.392194
35 1 4.6842194 -40.799311
36 1 261.68752 -41.424424
37 1 353.04692 -39.944205
38 1 348.89089 -36.859690
39 1 346.75542 -32.703866
40 1 343.51834 -28.177936
41 1 345.04623 -23.834307
42 1 347.87159 -20.118221
43 1 351.70477 -17.343231
44 1 356.06913 -15.652165
45 1 122.95256 -15.229606
46 1 5.3434627 -16.025692
47 1 9.5858225 -18.064538
48 1 13.084974 -21.134514
49 1 15.613350 -25.046540
50 1 16.812470 -29.371196
51 1 16.610916 -33.951637
52 1 14.553774 -38.166391
53 1 10.741631 -41.608362
54 1 5.4143264 -43.808555
55 1 235.62931 -44.386903
56 1 353.01287 -43.299668
57 1 347.93507 -40.670478
58 1 344.74450 -36.993102
59 1 343.20184 -32.609127
60 1 340.04637 -27.920483
61 1 341.53079 -23.635326
62 1 344.05477 -19.754555
63 1 347.41845 -16.503552
64 1 351.38007 -14.157937
65 1 355.77034 -12.666875
66 1 150.49049 -12.254629
67 1 4.9189694 -12.843398
68 1 9.3039498 -14.443629
69 1 13.212720 -16.998635
70 1 16.384045 -20.343147
71 1 18.827073 -24.247948
72 1 20.160334 -28.610436
73 1 20.307765 -33.169190
74 1 19.097084 -37.537513
75 1 16.268265 -41.510267
76 1 11.887914 -44.674615
77 1 6.0937704 -46.700740
78 1 206.87321 -47.340977
79 1 352.85868 -46.564803
80 1 347.46551 -44.266617
81 1 343.29161 -40.925277
82 1 340.72140 -36.908806
83 1 339.67106 -32.412502
84 1 336.62595 -27.697344
85 1 338.11843 -23.405153
86 1 340.40586 -19.477896
87 1 343.44757 -15.941277
88 1 347.03077 -13.154499
89 1 351.10853 -11.031489
90 1 355.50564 -9.7557960
91 1 177.26156 -9.2280336
92 1 4.5547714 -9.7311505
93 1 8.9756013 -11.007402
94 1 13.057953 -13.115266
95 1 16.667289 -16.014747
96 1 19.627274 -19.497807
97 1 21.899773 -23.491768
98 1 23.399962 -27.748590
99 1 23.882772 -32.227550
100 1 23.243140 -36.673445
101 1 21.359995 -40.957611
102 1 17.942065 -44.738298
103 1 13.088385 -47.723756
104 1 7.0046165 -49.663484
105 1 182.55943 -50.339451
106 1 353.06264 -49.687099
107 1 346.96861 -47.732753
108 1 342.08396 -44.719332
109 1 338.71205 -40.876637
110 1 336.75604 -36.652872
111 1 336.10492 -32.231970
112 1 333.36923 -27.421497
113 1 334.80890 -23.129412
114 1 336.90804 -19.097085
115 1 339.65310 -15.457100
116 1 343.02766 -12.380336
117 1 346.70185 -9.7948615
118 1 350.85764 -7.9119756
119 1 355.20678 -6.6989687
120 1 210.65639 -6.3321553
121 1 4.1999384 -6.6147797
122 1 8.6161599 -7.7301974
123 1 12.740076 -9.5124829
124 1 16.567082 -12.007358
125 1 19.923321 -15.065956
126 1 22.812658 -18.572490
127 1 25.029938 -22.564539
128 1 26.616174 -26.794180
129 1 27.384540 -31.244624
130 1 27.198760 -35.718011
131 1 26.048755 -40.121692
132 1 23.599488 -44.205194
133 1 19.710562 -47.818798
134 1 14.499981 -50.730829
135 1 7.9461761 -52.610920
136 1 144.72974 -53.267602
137 1 353.07904 -52.741210
138 1 346.37807 -51.044568
139 1 340.96193 -48.241097
140 1 336.93551 -44.689061
141 1 334.29677 -40.647033
142 1 332.92384 -36.340798
143 1 332.64833 -31.868683
144 1 329.92048 -26.939505
145 1 331.40124 -22.733135
146 1 333.45693 -18.768533
147 1 336.10344 -15.033940
148 1 339.12860 -11.673647
149 1 342.65159 -8.8244235
150 1 346.45560 -6.5380788
151 1 350.66913 -4.8390818
152 1 354.90622 -3.6789261
153 1 237.60326 -3.3088403
154 1 3.8972002 -3.5597930
155 1 8.1679941 -4.4639702
156 1 12.419205 -5.9705502
157 1 16.349703 -8.1849989
158 1 19.996891 -10.873974
159 1 23.163166 -14.099406
160 1 25.893166 -17.638311
161 1 28.124432 -21.664588
162 1 29.778844 -25.804571
163 1 30.749107 -30.153723
164 1 31.011275 -34.628600
165 1 30.328547 -39.055200
166 1 28.693551 -43.355745
167 1 25.867451 -47.324461
168 1 21.769000 -50.886146
169 1 16.088944 -53.678020
170 1 9.0403748 -55.536234
171 1 120.50253 -56.304924
172 1 353.10961 -55.879135
173 1 345.78587 -54.294447
174 1 339.76309 -51.717071
175 1 335.16004 -48.435420
176 1 331.91544 -44.499588
177 1 329.98178 -40.264043
178 1 329.12311 -35.861814
179 1 329.19150 -31.397384
180 1 326.58370 -26.496352
181 1 328.14687 -22.306594
182 1 330.11009 -18.283342
183 1 332.56628 -14.581664
184 1 335.43205 -11.087419
185 1 338.72961 -8.0712049
186 1 342.32439 -5.4471234
187 1 346.21732 -3.3470988
188 1 350.35221 -1.7423533
189 1 354.70232 -0.73082719
190 1 257.42153 -0.22486356
191 1 3.4764567 -0.50619895
192 1 7.9147749 -1.2163647
193 1 12.087527 -2.6324587
194 1 16.158658 -4.4772050
195 1 19.909590 -6.8710701
196 1 23.307730 -9.7802784
197 1 26.347701 -13.024828
198 1 28.989925 -16.709979
199 1 31.199466 -20.541206
200 1 32.875465 -24.699931
201 1 34.037341 -29.011578
202 1 34.678061 -33.440901
203 1 34.541400 -37.900575
204 1 33.535316 -42.253445
205 1 31.601726 -46.425171
206 1 28.400098 -50.367159
207 1 23.832590 -53.801106
208 1 17.797689 -56.610950
209 1 10.446404 -58.462791
210 1 108.81148 -59.370450
211 1 353.12044 -59.015482
212 1 345.18481 -57.505829
213 1 338.69613 -55.052666
214 1 333.32839 -51.847257
215 1 329.62551 -48.141697
216 1 327.21972 -44.059319
217 1 325.86768 -39.728271
218 1 325.39980 -35.265022
219 1 325.59693 -30.850506
220 1 323.32819 -25.996404
221 1 324.79181 -21.779300
222 1 326.78001 -17.788983
223 1 329.09948 -14.017924
224 1 331.83350 -10.459812
225 1 334.90300 -7.3242514
226 1 338.30109 -4.4918875
227 1 342.00130 -2.0671341
228 1 345.94595 -0.097522198
229 1 350.10518 1.3628318
230 1 354.39691 2.3227888
231 1 285.10010 2.7583676
232 1 3.1898314 2.6048811
233 1 7.5295719 1.9034658
234 1 11.765265 0.80790988
235 1 15.883863 -0.90722491
236 1 19.697353 -3.0697253
237 1 23.306320 -5.6775970
238 1 26.486480 -8.6695195
239 1 29.464851 -12.014409
240 1 32.025129 -15.655603
241 1 34.201986 -19.568018
242 1 35.971993 -23.588864
243 1 37.333568 -27.818178
244 1 38.185468 -32.195586
245 1 38.351423 -36.575961
246 1 37.990992 -40.957277
247 1 36.733420 -45.261581
248 1 34.496649 -49.408472
249 1 31.162576 -53.231562
250 1 26.291837 -56.679834
251 1 19.711917 -59.471938
252 1 11.940542 -61.399120
253 1 70.886861 -62.294323
254 1 353.19450 -62.070666
255 1 344.46909 -60.700608
256 1 337.04373 -58.330675
257 1 331.44133 -55.249472
258 1 327.27850 -51.648696
259 1 324.37287 -47.611939
260 1 322.60467 -43.376675
261 1 321.83552 -39.018938
262 1 321.62036 -34.645369
263 1 322.21754 -30.230142
264 1 319.96118 -25.303796
265 1 321.52007 -21.254589
266 1 323.44674 -17.221903
267 1 325.72335 -13.467236
268 1 328.28572 -9.8519080
269 1 331.22487 -6.6146570
270 1 334.44911 -3.5781537
271 1 337.98574 -1.0165076
272 1 341.70191 1.2444530
273 1 345.71654 3.0441260
274 1 349.82049 4.4816908
275 1 354.05998 5.4294852
276 1 314.74981 5.8320027
277 1 2.9002680 5.7654586
278 1 7.2386673 5.1603667
279 1 11.495710 4.1315660
280 1 15.583552 2.5657926
281 1 19.496536 0.59835919
282 1 23.143550 -1.7488346
283 1 26.544514 -4.4719916
284 1 29.694551 -7.5977996
285 1 32.511005 -10.881536
286 1 35.026893 -14.538502
287 1 37.224491 -18.359190
288 1 39.008337 -22.369743
289 1 40.515421 -26.509641
290 1 41.544919 -30.817633
291 1 42.169195 -35.136075
292 1 42.173850 -39.485997
293 1 41.612362 -43.865963
294 1 40.157671 -48.101783
295 1 37.804491 -52.189125
296 1 34.266655 -56.083977
297 1 29.315437 -59.466992
298 1 22.572652 -62.336823
299 1 13.758498 -64.358379
300 1 49.562010 -65.380543
301 1 353.12853 -65.198499
302 1 343.57947 -63.823733
303 1 335.37821 -61.568627
304 1 329.00848 -58.547583
305 1 324.51875 -54.969807
306 1 321.40963 -51.006572
307 1 319.26724 -46.889512
308 1 318.31134 -42.541590
309 1 317.78789 -38.241792
310 1 318.07824 -33.840588
311 1 318.80841 -29.501869
312 1 316.65547 -24.536513
313 1 318.22843 -20.463064
314 1 320.17403 -16.551489
315 1 322.40327 -12.767838
316 1 324.87192 -9.2582474
317 1 327.67490 -5.8971602
318 1 330.72743 -2.8270487
319 1 334.09438 -0.040825867
320 1 337.63590 2.4328022
321 1 341.39136 4.5469295
322 1 345.39660 6.2771758
323 1 349.53119 7.5754111
324 1 353.82673 8.4797510
325 1 341.62387 8.8781445
326 1 2.5554490 8.8221580
327 1 6.8810864 8.3208459
328 1 11.162028 7.4088523
329 1 15.315761 6.0873712
330 1 19.273903 4.2840853
331 1 23.035241 2.0900521
332 1 26.548997 -0.45202974
333 1 29.864890 -3.2390642
334 1 32.822907 -6.4416381
335 1 35.528470 -9.7809892
336 1 38.029963 -13.357095
337 1 40.222247 -17.099905
338 1 42.161660 -21.134502
339 1 43.648551 -25.194754
340 1 44.894826 -29.363959
341 1 45.686047 -33.635407
342 1 46.157212 -37.975033
343 1 46.009565 -42.268925
344 1 45.387088 -46.564317
345 1 43.926753 -50.831433
346 1 41.556393 -54.896820
347 1 37.987253 -58.737740
348 1 32.783163 -62.213388
349 1 25.583837 -65.178714
350 1 16.239547 -67.267702
351 1 20.903411 -68.420115
352 1 353.07588 -68.328478
353 1 342.22968 -67.038127
354 1 333.22422 -64.713702
355 1 326.45392 -61.702665
356 1 321.39323 -58.181941
357 1 317.99685 -54.257996
358 1 315.73285 -50.172290
359 1 314.49230 -45.925002
360 1 313.94087 -41.637257
361 1 313.94952 -37.303259
362 1 314.43223 -32.978067
363 1 315.32480 -28.692357
364 1 313.34514 -23.733751
365 1 314.99197 -19.677160
366 1 316.83082 -15.800435
367 1 319.03819 -12.078691
368 1 321.46655 -8.5045413
369 1 324.15000 -5.1449731
370 1 327.02151 -1.9780830
371 1 330.20140 0.88402580
372 1 333.59604 3.5424859
373 1 337.19150 5.8614856
374 1 340.96396 7.8833829
375 1 345.08024 9.4602950
376 1 349.23762 10.685611
377 1 353.47804 11.536273
378 1 357.85861 11.948028
379 1 2.2054884 11.942393
380 1 6.6308334 11.572647
381 1 10.854235 10.714862
382 1 15.080472 9.4425362
383 1 19.108012 7.8482429
384 1 22.886510 5.8106550
385 1 26.470139 3.4726069
386 1 29.883700 0.89551618
387 1 33.028967 -2.0436321
388 1 35.943229 -5.1662409
389 1 38.626686 -8.5721486
390 1 41.040952 -12.161323
391 1 43.139737 -15.910851
392 1 45.093864 -19.750151
393 1 46.666796 -23.739654
394 1 48.135896 -27.891461
395 1 49.093073 -32.006358
396 1 49.958807 -36.300001
397 1 50.332671 -40.592640
398 1 50.221684 -44.872827
399 1 49.543921 -49.135329
400 1 48.101625 -53.319886
401 1 45.743168 -57.377752
402 1 42.247622 -61.278357
403 1 36.838544 -64.816977
404 1 29.434703 -67.885044
405 1 19.349882 -70.173963
406 1 6.5658500 -71.478432
407 1 353.07800 -71.439133
408 1 340.67014 -70.184481
409 1 330.61478 -67.821792
410 1 323.10796 -64.794248
411 1 317.76678 -61.182903
412 1 314.21755 -57.359046
413 1 311.90619 -53.248962
414 1 310.58874 -49.093384
415 1 309.83810 -44.797779
416 1 309.73417 -40.541853
417 1 310.13530 -36.224958
418 1 310.88837 -32.009635
419 1 311.95441 -27.812417
420 1 310.06850 -22.865021
421 1 311.71586 -18.883691
422 1 313.64880 -15.061533
423 1 315.81121 -11.354834
424 1 318.10018 -7.7337878
425 1 320.66346 -4.4004683
426 1 323.46567 -1.2033589
427 1 326.49429 1.8153224
428 1 329.72532 4.5561720
429 1 333.12425 7.0621093
430 1 336.78580 9.2438346
431 1 340.64675 11.136514
432 1 344.63739 12.743021
433 1 348.89274 13.943164
434 1 353.15855 14.702322
435 1 357.51801 15.142829
436 1 11.333550 15.182682
437 1 6.2982304 14.744999
438 1 10.630554 14.063690
439 1 14.815516 12.877171
440 1 18.861770 11.398930
441 1 22.722366 9.4939846
442 1 26.427819 7.3492923
443 1 29.917033 4.9029229
444 1 33.189435 2.1707206
445 1 36.213739 -0.80972138
446 1 39.025083 -3.9110092
447 1 41.609501 -7.3591573
448 1 44.006668 -10.913916
449 1 46.128325 -14.683507
450 1 48.063661 -18.340258
451 1 49.716790 -22.295715
452 1 51.286046 -26.310490
453 1 52.571436 -30.429491
454 1 53.506747 -34.542606
455 1 54.220414 -38.769748
456 1 54.627093 -42.968254
457 1 54.503634 -47.236354
458 1 53.937854 -51.482998
459 1 52.785009 -55.653260
460 1 50.698943 -59.698092
461 1 47.225575 -63.643314
462 1 42.092777 -67.309592
463 1 34.365448 -70.502897
464 1 23.728443 -73.043712
465 1 8.9285111 -74.539009
466 1 342.31254 -74.639901
467 1 338.31043 -73.268741
468 1 326.76230 -70.931633
469 1 318.80369 -67.755046
470 1 313.24920 -64.127590
471 1 309.85787 -60.232453
472 1 307.47908 -56.198745
473 1 306.11476 -52.024212
474 1 305.57107 -47.801304
475 1 305.47504 -43.510720
476 1 305.76950 -39.323203
477 1 306.33842 -35.141073
478 1 307.34515 -30.943677
479 1 308.59591 -26.822780
480 1 306.65899 -22.101134
481 1 308.35866 -18.184651
482 1 310.23352 -14.395441
483 1 312.42770 -10.709368
484 1 314.67058 -7.0982277
485 1 317.15604 -3.6559085
486 1 319.88382 -0.50474220
487 1 322.75384 2.6520644
488 1 325.90594 5.5561766
489 1 329.22177 8.1977192
490 1 332.74532 10.584422
491 1 336.49393 12.697567
492 1 340.38301 14.572256
493 1 344.55980 15.989277
494 1 348.78448 17.105276
495 1 353.19184 17.873560
496 1 356.89795 18.260199
497 1 40.124636 18.355358
498 1 5.7531835 17.999105
499 1 10.190856 17.343433
500 1 14.425269 16.309339
501 1 18.605071 14.939554
502 1 22.589269 13.175799
503 1 26.372545 11.126701
504 1 29.918310 8.7658788
505 1 33.392392 6.2431333
506 1 36.502440 3.3850437
507 1 39.480642 0.38757980
508 1 42.235277 -2.8711113
509 1 44.766839 -6.2394252
510 1 47.119156 -9.8046085
511 1 49.244767 -13.502721
512 1 50.871515 -16.652609
513 1 52.703187 -20.489340
514 1 54.312234 -24.450244
515 1 55.758447 -28.523817
516 1 56.949327 -32.640515
517 1 57.938488 -36.788902
518 1 58.663430 -40.932745
519 1 59.055684 -45.171014
520 1 59.190652 -49.456143
521 1 58.828858 -53.645110
522 1 57.816348 -57.808785
523 1 55.927930 -61.921808
524 1 52.969138 -65.949586
525 1 48.056560 -69.821343
526 1 40.034704 -73.198664
527 1 28.236989 -76.006325
528 1 14.007730 -77.541658
529 1 315.10614 -77.865666
530 1 335.63425 -76.489771
531 1 322.28284 -73.976292
532 1 313.62060 -70.706571
533 1 308.19407 -66.921819
534 1 304.54093 -62.956245
535 1 302.62670 -58.898408
536 1 301.38747 -54.686885
537 1 300.77025 -50.440402
538 1 300.83162 -46.192670
539 1 301.25745 -42.033543
540 1 301.87381 -37.805535
541 1 302.86722 -33.642907
542 1 304.02661 -29.521154
543 1 305.33167 -25.466029
544 1 302.79535 -22.699065
545 1 304.58512 -18.647002
546 1 306.52749 -14.654713
547 1 308.66079 -10.813442
548 1 310.99473 -7.0490628
549 1 313.49163 -3.4788643
550 1 316.16812 0.015131138
551 1 319.10627 3.3134604
552 1 322.11414 6.4284183
553 1 325.52591 9.3186796
554 1 329.15836 11.887374
555 1 332.87682 14.314260
556 1 336.88742 16.390137
557 1 341.10982 18.087314
558 1 345.48414 19.562117
559 1 350.02831 20.586877
560 1 354.67984 21.236240
561 1 259.12869 21.438639
562 1 4.0938126 21.326228
563 1 8.7459115 20.795175
564 1 13.318843 19.910198
565 1 17.784231 18.519553
566 1 22.022095 16.896440
567 1 26.121644 14.924993
568 1 29.959472 12.587146
569 1 33.603622 10.004303
570 1 37.008678 7.2752328
571 1 40.175869 4.1861348
572 1 43.120243 0.91551557
573 1 45.836859 -2.5130869
574 1 48.427469 -6.0604096
575 1 50.770520 -9.8002440
576 1 52.999063 -13.632593
577 1 54.940200 -17.550824
578 1 56.793155 -21.625345
579 1 58.471764 -25.711654
580 1 59.926041 -29.936599
581 1 61.200360 -34.211425
582 1 62.306598 -38.456123
583 1 63.241128 -42.802475
584 1 63.844227 -47.155409
585 1 64.084191 -51.538349
586 1 63.993433 -55.944596
587 1 63.285796 -60.309776
588 1 61.801846 -64.601846
589 1 58.952612 -68.877365
590 1 54.032099 -72.921370
591 1 44.935809 -76.663886
592 1 29.228310 -79.621616
593 1 102.58157 -81.047398
594 1 337.00041 -80.186434
595 1 318.40674 -77.531519
596 1 308.07386 -73.961967
597 1 302.23740 -70.008707
598 1 298.90603 -65.753813
599 1 296.99043 -61.474896
600 1 296.13960 -57.100012
601 1 295.88286 -52.741349
602 1 296.14205 -48.284387
603 1 296.63166 -43.957023
604 1 297.47468 -39.603129
605 1 298.50425 -35.342080
606 1 299.82781 -31.078565
607 1 301.15344 -26.847353
608 1 300.72178 -19.518495
609 1 302.67166 -15.362466
610 1 304.82002 -11.289313
611 1 307.20060 -7.3303702
612 1 309.70211 -3.5396674
613 1 312.41042 0.16161726
614 1 315.32406 3.6589314
615 1 318.46514 7.0373658
616 1 321.79998 10.152773
617 1 325.39766 13.000196
618 1 329.32435 15.702599
619 1 333.33298 18.064067
620 1 337.68964 20.053284
621 1 342.27453 21.717157
622 1 346.97176 22.971519
623 1 351.78621 23.900944
624 1 356.85480 24.400707
625 1 12.294039 24.452354
626 1 6.8223100 24.091450
627 1 11.738471 23.255107
628 1 16.518563 22.106219
629 1 21.149598 20.474743
630 1 25.510521 18.640775
631 1 29.641722 16.334240
632 1 33.598614 13.787680
633 1 37.279307 10.946117
634 1 40.677088 7.8309925
635 1 43.857655 4.5789882
636 1 46.917844 1.1195553
637 1 49.648236 -2.5545960
638 1 52.192366 -6.3156705
639 1 54.548368 -10.232431
640 1 56.770079 -14.313430
641 1 58.817598 -18.379478
642 1 60.692566 -22.609815
643 1 62.450746 -26.887529
644 1 63.950854 -31.234177
645 1 65.323596 -35.657085
646 1 66.656879 -40.124588
647 1 67.679658 -44.612860
648 1 68.666297 -49.136606
649 1 69.226606 -53.715254
650 1 69.460364 -58.273146
651 1 69.181766 -62.827777
652 1 68.145614 -67.324164
653 1 65.797386 -71.801435
654 1 60.967132 -76.194277
655 1 50.230333 -80.165172
656 1 26.538852 -83.279228
657 1 329.21134 -83.792401
658 1 314.11559 -81.194404
659 1 301.73015 -77.306804
660 1 295.40586 -72.986252
661 1 292.37173 -68.595971
662 1 291.16367 -64.040446
663 1 290.63502 -59.467436
664 1 290.85242 -54.941320
665 1 291.28272 -50.364979
666 1 292.06768 -45.892623
667 1 293.09898 -41.262590
668 1 294.32443 -36.875215
669 1 295.72441 -32.439941
670 1 297.21677 -28.055517
671 1 298.91574 -23.743071
672 1 296.92268 -20.542998
673 1 298.89116 -16.213330
674 1 301.18314 -12.017543
675 1 303.51042 -7.8639033
676 1 306.00825 -3.8371186
677 1 308.69740 0.049360770
678 1 311.59557 3.7586450
679 1 314.77778 7.2361279
680 1 318.10490 10.695320
681 1 321.74074 13.839842
682 1 325.60546 16.710159
683 1 329.70326 19.368080
684 1 334.12213 21.657948
685 1 338.84359 23.560185
686 1 343.66869 25.200901
687 1 348.77948 26.332064
688 1 353.98203 27.086076
689 1 267.22560 27.321461
690 1 4.5905989 27.151132
691 1 9.8750047 26.598973
692 1 15.066015 25.532491
693 1 19.954268 24.075131
694 1 24.684576 22.240801
695 1 29.182950 20.016275
696 1 33.424958 17.428973
697 1 37.342797 14.657875
698 1 40.969279 11.541658
699 1 44.489674 8.2673347
700 1 47.625957 4.7685783
701 1 50.618219 1.0458525
702 1 53.361480 -2.7813945
703 1 55.884615 -6.8027566
704 1 58.239809 -10.871993
705 1 60.508324 -15.099070
706 1 62.592502 -19.305903
707 1 64.486034 -23.720165
708 1 66.342066 -28.170477
709 1 68.022625 -32.707280
710 1 69.600660 -37.152762
711 1 71.055798 -41.738350
712 1 72.243221 -46.429079
713 1 73.525597 -51.045439
714 1 74.563916 -55.770011
715 1 75.208943 -60.475495
716 1 75.681575 -65.240766
717 1 75.374338 -69.905831
718 1 74.054941 -74.616392
719 1 70.898727 -79.255572
720 1 59.458969 -83.697274
721 1 107.41229 -86.756944
722 1 307.08689 -84.717166
723 1 290.94440 -80.460598
724 1 286.54629 -75.874775
725 1 284.86419 -71.214979
726 1 284.39267 -66.490767
727 1 284.64049 -61.701401
728 1 285.39817 -57.044884
729 1 286.23565 -52.315778
730 1 287.40968 -47.695571
731 1 288.63168 -43.046245
732 1 290.06032 -38.424997
733 1 291.53780 -33.891151
734 1 293.25180 -29.373539
735 1 295.05472 -24.931224
736 1 295.28271 -17.197670
737 1 297.49769 -12.788550
738 1 299.83895 -8.5317389
739 1 302.37620 -4.3394292
740 1 305.05002 -0.27653776
741 1 307.86530 3.6752072
742 1 310.98567 7.4076193
743 1 314.33080 10.975623
744 1 317.94702 14.359235
745 1 321.77892 17.547267
746 1 325.98199 20.373841
747 1 330.41588 22.990793
748 1 335.12183 25.261832
749 1 340.17909 27.120683
750 1 345.38165 28.568034
751 1 350.90159 29.550064
752 1 356.39347 30.119076
753 1 13.992082 30.122815
754 1 7.6928151 29.693772
755 1 13.198089 28.825609
756 1 18.495946 27.587265
757 1 23.558178 25.763368
758 1 28.365525 23.646510
759 1 32.934261 21.150250
760 1 37.207042 18.340535
761 1 41.070171 15.251846
762 1 44.719101 11.938381
763 1 48.139190 8.3460866
764 1 51.372137 4.6786662
765 1 54.230251 0.76273938
766 1 56.953580 -3.2462293
767 1 59.530428 -7.3588334
768 1 61.960414 -11.598090
769 1 64.236447 -16.036063
770 1 66.324239 -20.430057
771 1 68.346265 -24.980090
772 1 70.244863 -29.468555
773 1 71.984781 -34.109012
774 1 73.794500 -38.815002
775 1 75.452457 -43.437023
776 1 77.065887 -48.227927
777 1 78.559534 -52.966047
778 1 80.148840 -57.780855
779 1 81.561673 -62.571392
780 1 82.992580 -67.437825
781 1 84.383471 -72.259230
782 1 85.169224 -77.111748
783 1 86.234939 -81.998898
784 1 85.811905 -86.723160
785 1 270.25319 -87.873171
786 1 273.67093 -83.249372
787 1 274.36291 -78.429237
788 1 275.42124 -73.583501
789 1 276.79770 -68.726696
790 1 278.13798 -63.885608
791 1 279.52198 -59.081225
792 1 281.10104 -54.273643
793 1 282.56551 -49.494346
794 1 284.13946 -44.720215
795 1 285.77215 -40.015731
796 1 287.46927 -35.416733
797 1 289.29554 -30.656286
798 1 291.17299 -26.174063
799 1 293.11876 -21.632562
800 1 291.55375 -18.294482
801 1 293.81465 -13.790391
802 1 296.22917 -9.3781655
803 1 298.68927 -5.0727740
804 1 301.36176 -0.75717502
805 1 304.24844 3.3319933
806 1 307.31890 7.2953701
807 1 310.59180 11.084674
808 1 314.14271 14.675695
809 1 318.00251 18.061617
810 1 322.09136 21.162012
811 1 326.58398 24.029190
812 1 331.38092 26.534426
813 1 336.42266 28.704171
814 1 341.77519 30.495711
815 1 347.49621 31.728168
816 1 353.26466 32.582424
817 1 258.54288 32.886454
818 1 5.1309290 32.707921
819 1 11.032723 31.993234
820 1 16.709708 30.865053
821 1 22.150247 29.210282
822 1 27.350837 27.126002
823 1 32.215382 24.768757
824 1 36.734957 21.979597
825 1 41.065311 18.918310
826 1 44.899103 15.603862
827 1 48.451234 12.090972
828 1 51.852403 8.3202079
829 1 54.988494 4.3567797
830 1 57.853688 0.31843407
831 1 60.715014 -3.9127570
832 1 63.198432 -8.1585666
833 1 65.602512 -12.583442
834 1 67.907267 -17.058818
835 1 70.020137 -21.637935
836 1 72.136178 -26.249610
837 1 74.202386 -30.873266
838 1 76.120319 -35.644330
839 1 78.069689 -40.365977
840 1 80.025604 -45.144010
841 1 82.003651 -50.023655
842 1 84.083224 -54.836110
843 1 86.171665 -59.660293
844 1 88.495978 -64.492236
845 1 91.383799 -69.455137
846 1 95.022549 -74.221819
847 1 100.59434 -79.168358
848 1 112.75616 -83.760547
849 1 164.13187 -87.184007
850 1 240.32424 -84.924973
851 1 257.39390 -80.384621
852 1 263.85860 -75.614014
853 1 267.80218 -70.715209
854 1 270.91397 -65.870951
855 1 273.28352 -61.007197
856 1 275.41046 -56.132926
857 1 277.51386 -51.280492
858 1 279.48510 -46.517342
859 1 281.32063 -41.636009
860 1 283.37446 -36.940221
861 1 285.33442 -32.143526
862 1 287.35366 -27.458036
863 1 289.41193 -22.871740
864 1 290.18343 -14.870529
865 1 292.62305 -10.329363
866 1 295.11359 -5.8285714
867 1 297.76849 -1.4466848
868 1 300.56649 2.7833445
869 1 303.59831 6.9736032
870 1 306.89156 10.891185
871 1 310.35620 14.718197
872 1 314.11765 18.383597
873 1 318.20407 21.759608
874 1 322.64777 24.860422
875 1 327.36357 27.610182
876 1 332.49244 30.075996
877 1 338.02162 32.078089
878 1 343.80879 33.719204
879 1 349.81501 34.885987
880 1 355.98338 35.425657
881 1 14.120936 35.519615
882 1 8.5492311 35.045678
883 1 14.666321 34.052429
884 1 20.450347 32.625049
885 1 26.056787 30.632203
886 1 31.307298 28.292257
887 1 36.164492 25.615282
888 1 40.663449 22.575314
889 1 44.831610 19.278465
890 1 48.704761 15.735293
891 1 52.297044 11.954890
892 1 55.603507 8.0206410
893 1 58.667091 3.9428015
894 1 61.547550 -0.29174938
895 1 64.158454 -4.6538259
896 1 66.800264 -9.1275452
897 1 69.147440 -13.602657
898 1 71.542387 -18.214286
899 1 73.766177 -22.902026
900 1 75.970761 -27.644579
901 1 78.118164 -32.301937
902 1 80.264028 -37.100073
903 1 82.555736 -41.975083
904 1 84.811660 -46.856745
905 1 87.178526 -51.676132
906 1 89.745141 -56.505994
907 1 92.742934 -61.408360
908 1 96.538910 -66.223366
909 1 101.21155 -71.129791
910 1 107.85605 -75.835241
911 1 120.08916 -80.307400
912 1 146.91939 -83.819500
913 1 200.27080 -84.379472
914 1 234.55136 -81.352396
915 1 249.29640 -77.108961
916 1 257.62583 -72.369190
917 1 262.48088 -67.529774
918 1 266.44325 -62.771316
919 1 269.55518 -57.881760
920 1 272.18094 -53.026033
921 1 274.62232 -48.116503
922 1 276.99682 -43.283921
923 1 279.18511 -38.423517
924 1 281.33094 -33.601277
925 1 283.41677 -28.867678
926 1 285.68603 -24.093864
927 1 287.86657 -19.468957
928 1 286.58345 -16.032753
929 1 289.05564 -11.334078
930 1 291.57380 -6.7619507
931 1 294.20008 -2.2919809
932 1 296.98682 2.1299477
933 1 299.97843 6.3899496
934 1 303.14836 10.572965
935 1 306.54475 14.536465
936 1 310.26375 18.395556
937 1 314.28835 21.987083
938 1 318.63942 25.434901
939 1 323.33421 28.484569
940 1 328.48655 31.183638
941 1 333.96001 33.551247
942 1 339.82491 35.480622
943 1 345.97304 36.863024
944 1 352.51679 37.778993
945 1 259.56642 38.152700
946 1 5.7402060 37.961737
947 1 12.239423 37.145850
948 1 18.595438 35.908856
949 1 24.457717 34.086258
950 1 30.127706 31.844659
951 1 35.384371 29.232970
952 1 40.179345 26.210952
953 1 44.647978 22.884481
954 1 48.719540 19.405005
955 1 52.548400 15.608546
956 1 55.980314 11.698775
957 1 59.259154 7.5439625
958 1 62.315836 3.2554464
959 1 65.058234 -1.1147561
960 1 67.752304 -5.5757886
961 1 70.326285 -10.100062
962 1 72.745680 -14.787670
963 1 75.181768 -19.475321
964 1 77.492620 -24.160663
965 1 79.834493 -28.970331
966 1 82.101892 -33.851284
967 1 84.557882 -38.627304
968 1 87.068381 -43.511771
969 1 89.747351 -48.377139
970 1 92.569343 -53.204116
971 1 95.976359 -58.115351
972 1 100.00738 -62.964678
973 1 104.95605 -67.681375
974 1 112.06172 -72.343893
975 1 123.04158 -76.640641
976 1 142.15767 -80.276496
977 1 174.82181 -82.185167
978 1 210.55749 -81.022638
979 1 232.83542 -77.716066
980 1 245.59463 -73.536105
981 1 253.34032 -68.956549
982 1 258.87988 -64.227321
983 1 263.14920 -59.428394
984 1 266.61057 -54.574696
985 1 269.61421 -49.686566
986 1 272.34737 -44.842075
987 1 274.84471 -39.894711
988 1 277.28336 -35.111442
989 1 279.59375 -30.239775
990 1 281.87587 -25.466010
991 1 284.30851 -20.696387
992 1 285.44002 -12.528135
993 1 288.00458 -7.8826390
994 1 290.65428 -3.2199477
995 1 293.47078 1.2949360
996 1 296.31871 5.7212636
997 1 299.51095 10.032910
998 1 302.78748 14.166828
999 1 306.42489 18.225226
1000 1 310.32465 22.064891
1001 1 314.62344 25.700789
1002 1 319.13855 29.009867
1003 1 324.20288 32.062058
1004 1 329.84295 34.667759
1005 1 335.67367 36.898382
1006 1 342.04211 38.696046
1007 1 348.69934 39.894331
1008 1 355.57611 40.598108
1009 1 15.512049 40.646562
1010 1 9.5248874 40.101085
1011 1 16.213837 39.024242
1012 1 22.646483 37.438808
1013 1 28.711471 35.295071
1014 1 34.332393 32.738646
1015 1 39.446978 29.807579
1016 1 44.256521 26.608631
1017 1 48.594504 23.055150
1018 1 52.564161 19.249771
1019 1 56.250433 15.334246
1020 1 59.687879 11.136629
1021 1 62.884235 6.9439656
1022 1 65.862673 2.5229525
1023 1 68.679163 -2.0057047
1024 1 71.345096 -6.5844324
1025 1 73.917300 -11.246144
1026 1 76.371101 -15.958861
1027 1 78.800068 -20.755878
1028 1 81.295174 -25.581193
1029 1 83.806832 -30.337984
1030 1 86.322458 -35.181427
1031 1 88.920002 -40.153963
1032 1 91.722777 -45.020080
1033 1 94.920284 -49.812249
1034 1 98.354798 -54.718778
1035 1 102.50408 -59.503749
1036 1 107.65865 -64.208990
1037 1 114.29349 -68.768830
1038 1 124.36061 -72.986934
1039 1 139.13853 -76.669349
1040 1 161.62185 -79.129553
1041 1 190.83228 -79.432442
1042 1 215.75718 -77.486152
1043 1 232.38365 -74.042462
1044 1 243.33668 -69.912393
1045 1 250.71849 -65.469000
1046 1 256.34244 -60.749893
1047 1 260.63073 -55.973754
1048 1 264.38920 -51.158639
1049 1 267.43567 -46.286384
1050 1 270.38336 -41.445953
1051 1 273.02411 -36.553562
1052 1 275.65414 -31.669659
1053 1 278.14517 -26.816940
1054 1 280.58785 -22.050846
1055 1 283.01254 -17.228149
1056 1 281.97279 -13.746840
1057 1 284.48333 -8.9633999
1058 1 287.15762 -4.2670271
1059 1 289.89154 0.32137310
1060 1 292.72208 4.9132457
1061 1 295.77386 9.3329627
1062 1 299.08213 13.749244
1063 1 302.61024 17.896081
1064 1 306.37815 21.868959
1065 1 310.56189 25.691872
1066 1 315.01424 29.311596
1067 1 320.03261 32.621345
1068 1 325.37992 35.497510
1069 1 331.28249 38.144324
1070 1 337.63519 40.197146
1071 1 344.52207 41.780263
1072 1 351.67673 42.824838
1073 1 260.48133 43.192440
1074 1 6.3383376 43.026854
1075 1 13.613544 42.164074
1076 1 20.503375 40.681021
1077 1 26.972951 38.715473
1078 1 33.043170 36.278320
1079 1 38.631965 33.442249
1080 1 43.741400 30.212825
1081 1 48.373357 26.645674
1082 1 52.603850 22.976640
1083 1 56.479983 18.955383
1084 1 60.090909 14.839421
1085 1 63.390671 10.572419
1086 1 66.536697 6.0786883
1087 1 69.411841 1.5547415
1088 1 72.188234 -2.9954021
1089 1 74.874751 -7.6777489
1090 1 77.454909 -12.419407
1091 1 79.973015 -17.243862
1092 1 82.502205 -22.030620
1093 1 85.099368 -26.905170
1094 1 87.670035 -31.802215
1095 1 90.436240 -36.692729
1096 1 93.342947 -41.516779
1097 1 96.593196 -46.398624
1098 1 100.15598 -51.198426
1099 1 104.38441 -55.966711
1100 1 109.54388 -60.666396
1101 1 115.95979 -65.130506
1102 1 124.79082 -69.385540
1103 1 136.63798 -73.063624
1104 1 154.01228 -75.868517
1105 1 177.09241 -77.141712
1106 1 200.25208 -76.368532
1107 1 219.32397 -73.930177
1108 1 232.38930 -70.421549
1109 1 242.07334 -66.315289
1110 1 248.91424 -61.891905
1111 1 254.42396 -57.273407
1112 1 258.77113 -52.482603
1113 1 262.51726 -47.703476
1114 1 265.86963 -42.855745
1115 1 268.86562 -37.881404
1116 1 271.65639 -33.104392
1117 1 274.24060 -28.206727
1118 1 276.82311 -23.327868
1119 1 279.35061 -18.495444
1120 1 280.99093 -10.152702
1121 1 283.64148 -5.4223038
1122 1 286.38163 -0.70548022
1123 1 289.23974 3.9767194
1124 1 292.20239 8.5310291
1125 1 295.40470 13.007221
1126 1 298.79451 17.333149
1127 1 302.40601 21.538057
1128 1 306.44960 25.554959
1129 1 310.75875 29.365446
1130 1 315.58070 32.938389
1131 1 320.87467 36.179986
1132 1 326.75407 39.058210
1133 1 333.16543 41.496124
1134 1 340.07160 43.446741
1135 1 347.43713 44.819522
1136 1 355.05612 45.602798
1137 1 17.392295 45.618135
1138 1 10.583738 45.099925
1139 1 17.986012 43.953400
1140 1 25.025921 42.107177
1141 1 31.647998 39.800477
1142 1 37.593992 36.973125
1143 1 43.063166 33.882178
1144 1 47.927930 30.406628
1145 1 52.500089 26.613533
1146 1 56.560446 22.621187
1147 1 60.369931 18.454288
1148 1 63.779791 14.207437
1149 1 67.029336 9.7449326
1150 1 70.070657 5.1819590
1151 1 72.885529 0.54919609
1152 1 75.694456 -4.1394884
1153 1 78.396636 -8.8914478
1154 1 80.990089 -13.718562
1155 1 83.603928 -18.532748
1156 1 86.289555 -23.375441
1157 1 88.909324 -28.243785
1158 1 91.675114 -33.138176
1159 1 94.740512 -37.970387
1160 1 97.934938 -42.848451
1161 1 101.65479 -47.666723
1162 1 105.83071 -52.332974
1163 1 110.72687 -57.045503
1164 1 116.75867 -61.479042
1165 1 124.72696 -65.679886
1166 1 135.04713 -69.436856
1167 1 149.04245 -72.453878
1168 1 167.18605 -74.256548
1169 1 187.50886 -74.539609
1170 1 206.45407 -73.066529
1171 1 221.54553 -70.323612
1172 1 232.78413 -66.758340
1173 1 241.23318 -62.675031
1174 1 247.78585 -58.265535
1175 1 253.07404 -53.640473
1176 1 257.34142 -48.961592
1177 1 261.10865 -44.115917
1178 1 264.48591 -39.355471
1179 1 267.55803 -34.466707
1180 1 270.40621 -29.554847
1181 1 273.15754 -24.725448
1182 1 275.73014 -19.844390
1183 1 278.38281 -14.950258
1184 1 277.43892 -11.442236
1185 1 280.15125 -6.5424035
1186 1 282.90055 -1.7611213
1187 1 285.65111 2.8958924
1188 1 288.52695 7.6134632
1189 1 291.68360 12.160056
1190 1 294.95744 16.700471
1191 1 298.49020 21.015531
1192 1 302.36681 25.205047
1193 1 306.60634 29.257958
1194 1 311.32992 32.989892
1195 1 316.39661 36.560708
1196 1 322.17056 39.742057
1197 1 328.44519 42.503065
1198 1 335.34690 44.818978
1199 1 342.81645 46.580782
1200 1 350.64868 47.721854
1201 1 270.21001 48.118754
1202 1 7.1308103 47.863582
1203 1 15.168920 46.985211
1204 1 22.738482 45.371953
1205 1 29.826185 43.203756
1206 1 36.310021 40.568826
1207 1 42.174791 37.431775
1208 1 47.445792 33.999367
1209 1 52.254022 30.285076
1210 1 56.531548 26.295068
1211 1 60.498156 22.137600
1212 1 64.178807 17.815891
1213 1 67.506217 13.372456
1214 1 70.633644 8.7934880
1215 1 73.627719 4.1766304
1216 1 76.448972 -0.54928806
1217 1 79.174642 -5.2882626
1218 1 81.851769 -10.075958
1219 1 84.558361 -14.980317
1220 1 87.204811 -19.845740
1221 1 89.946786 -24.696952
1222 1 92.837005 -29.594345
1223 1 95.875163 -34.402094
1224 1 99.180526 -39.257831
1225 1 102.74848 -44.097881
1226 1 106.90194 -48.778361
1227 1 111.64822 -53.430154
1228 1 117.52380 -57.810720
1229 1 124.57348 -62.016785
1230 1 133.65338 -65.809038
1231 1 145.33620 -68.993577
1232 1 160.30835 -71.225842
1233 1 177.63734 -72.197521
1234 1 195.20917 -71.607780
1235 1 211.06237 -69.698596
1236 1 223.47759 -66.717495
1237 1 233.22200 -63.136987
1238 1 240.87710 -58.946153
1239 1 246.93528 -54.562162
1240 1 251.93609 -50.059295
1241 1 256.18305 -45.370294
1242 1 259.96620 -40.537969
1243 1 263.30189 -35.739911
1244 1 266.44264 -30.857200
1245 1 269.28516 -25.996464
1246 1 272.08176 -21.174146
1247 1 274.80735 -16.252327
1248 1 276.64725 -7.8417362
1249 1 279.43972 -2.9711274
1250 1 282.13578 1.8161025
1251 1 285.04809 6.5380332
1252 1 288.05491 11.226800
1253 1 291.21488 15.758405
1254 1 294.68105 20.312504
1255 1 298.36463 24.684900
1256 1 302.39447 28.876745
1257 1 306.90126 32.897456
1258 1 311.84276 36.712128
1259 1 317.38960 40.172275
1260 1 323.50840 43.240834
1261 1 330.36599 45.926318
1262 1 337.83871 48.090107
1263 1 345.99998 49.581321
1264 1 354.51120 50.426286
1265 1 17.996958 50.506662
1266 1 11.775373 49.864869
1267 1 20.052283 48.530436
1268 1 27.729373 46.566237
1269 1 34.739652 44.022027
1270 1 41.166133 41.082597
1271 1 46.863439 37.679940
1272 1 51.905866 33.949236
1273 1 56.520018 29.986554
1274 1 60.615474 25.851339
1275 1 64.399739 21.500249
1276 1 67.894748 17.025138
1277 1 71.165663 12.477541
1278 1 74.210102 7.8086309
1279 1 77.081843 3.1163264
1280 1 79.937192 -1.6680616
1281 1 82.675456 -6.4926049
1282 1 85.419795 -11.374903
1283 1 88.093432 -16.244026
1284 1 90.862558 -21.193550
1285 1 93.836801 -25.962981
1286 1 96.839237 -30.862886
1287 1 100.10552 -35.693846
1288 1 103.61419 -40.439659
1289 1 107.69186 -45.166745
1290 1 112.28753 -49.751368
1291 1 117.78003 -54.146436
1292 1 124.33850 -58.328627
1293 1 132.44823 -62.183754
1294 1 142.50554 -65.412099
1295 1 155.13570 -67.980280
1296 1 169.97587 -69.482071
1297 1 185.68989 -69.698613
1298 1 201.19240 -68.481572
1299 1 214.19695 -66.260982
1300 1 225.13669 -63.139602
1301 1 233.68237 -59.422603
1302 1 240.61163 -55.294830
1303 1 246.37541 -50.951164
1304 1 251.10790 -46.382886
1305 1 255.36461 -41.657840
1306 1 259.05677 -36.926785
1307 1 262.35546 -32.143944
1308 1 265.46907 -27.288797
1309 1 268.35873 -22.424903
1310 1 271.18440 -17.543153
1311 1 273.93028 -12.690588
1316 1 284.46102 10.193636
1317 1 287.56307 14.886618
1318 1 290.87353 19.470103
1319 1 294.42279 23.951559
1320 1 298.30455 28.367216
1321 1 302.48160 32.557866
1322 1 307.25966 36.562001
1323 1 312.59568 40.356150
1324 1 318.51364 43.704869
1325 1 325.15871 46.790609
1326 1 332.53455 49.294120
1327 1 340.79861 51.220881
1328 1 349.65107 52.512096
1329 1 262.14688 52.982039
1330 1 8.0133640 52.683059
1331 1 16.974942 51.648128
1332 1 25.323932 49.862169
1333 1 32.995550 47.501571
1334 1 39.857156 44.585160
1335 1 45.975755 41.254220
1336 1 51.372788 37.609203
1337 1 56.357311 33.718636
1338 1 60.674961 29.485344
1339 1 64.639506 25.157834
1340 1 68.265196 20.658960
1341 1 71.598787 16.096972
1342 1 74.746818 11.456325
1343 1 77.766842 6.7299827
1344 1 80.636872 1.9337283
1345 1 83.469469 -2.9050342
1346 1 86.144890 -7.7157580
1347 1 88.918052 -12.601812
1348 1 91.766376 -17.485697
1349 1 94.648224 -22.357915
1350 1 97.652460 -27.247888
1351 1 100.86964 -32.099254
1352 1 104.39807 -36.807301
1353 1 108.34242 -41.484759
1354 1 112.79253 -46.079366
1355 1 117.86085 -50.441195
1356 1 124.11952 -54.690554
1357 1 131.32213 -58.492993
1358 1 140.21780 -61.960162
1359 1 151.13058 -64.672250
1360 1 163.82383 -66.569066
1361 1 178.02428 -67.328669
1362 1 192.39349 -66.919777
1363 1 205.51841 -65.304405
1364 1 217.06147 -62.746970
1365 1 226.40273 -59.502535
1366 1 234.21557 -55.753340
1367 1 240.54985 -51.641115
1368 1 245.92250 -47.293686
1369 1 250.49928 -42.775219
1370 1 254.58899 -38.138703
1371 1 258.24395 -33.382852
1372 1 261.50925 -28.576686
1383 1 294.11645 27.665933
1384 1 298.22399 32.075279
1385 1 302.73874 36.262319
1386 1 307.67293 40.241004
1387 1 313.35216 43.986442
1388 1 319.73178 47.317787
1389 1 327.08047 50.190203
1390 1 335.23764 52.619461
1391 1 344.22616 54.283889
1392 1 353.82773 55.193498
1393 1 16.111368 55.311232
1394 1 13.365980 54.640652
1395 1 22.571579 53.161371
1396 1 30.888400 50.884935
1397 1 38.464568 48.199751
1398 1 45.002009 44.888889
1399 1 50.905811 41.289842
1400 1 56.123791 37.388962
1401 1 60.670546 33.186918
1402 1 64.811568 28.871222
1403 1 68.587983 24.409966
1404 1 72.101581 19.790843
1405 1 75.317609 15.089565
1406 1 78.349348 10.377069
1407 1 81.256877 5.5750857
1408 1 84.130024 0.73175275
1409 1 86.886990 -4.1448745
1410 1 89.637155 -9.0163341
1411 1 92.428697 -13.906101
1412 1 95.385548 -18.837985
1413 1 98.444843 -23.681477
1414 1 101.62860 -28.438203
1415 1 105.05137 -33.197039
1416 1 108.93239 -37.811367
1417 1 113.15560 -42.376541
1418 1 118.05745 -46.866716
1419 1 123.66383 -50.985171
1420 1 130.48712 -54.886401
1421 1 138.48628 -58.360016
1422 1 147.86427 -61.321874
1423 1 159.12352 -63.469786
1424 1 171.68566 -64.754306
1425 1 184.73869 -64.878010
1426 1 197.76062 -63.931379
1427 1 209.27414 -61.983317
1428 1 219.13590 -59.224577
1429 1 227.68410 -55.864002
1430 1 234.54810 -52.035201
1431 1 240.55229 -47.965589
1432 1 245.64617 -43.651289
1455 1 338.36148 55.813265
1456 1 348.12298 57.218276
1457 1 265.47079 57.739225
1458 1 9.1243168 57.453108
1459 1 19.156517 56.298701
1460 1 28.374115 54.319397
1461 1 36.638064 51.679763
1462 1 43.868910 48.476964
1463 1 50.232447 44.924225
1464 1 55.740332 41.047656
1465 1 60.646040 36.924887
1466 1 64.958962 32.556957
1467 1 68.952068 28.031963
1468 1 72.490947 23.474847
1469 1 75.833361 18.763759
1470 1 78.926722 14.025880
1471 1 81.943368 9.1638384
1472 1 84.750911 4.3593996
1473 1 87.549995 -0.59004236
1474 1 90.385647 -5.3869048
1475 1 93.166376 -10.274795
1476 1 96.056128 -15.142783
1477 1 99.053941 -19.978059
1478 1 102.25454 -24.775894
1479 1 105.61094 -29.547338
1480 1 109.34176 -34.157892
1481 1 113.45110 -38.766216
1482 1 118.10504 -43.085707
1483 1 123.39629 -47.260420
1484 1 129.62808 -51.249458
1485 1 136.77345 -54.781080
1486 1 145.28913 -57.893350
1487 1 155.23820 -60.268740
1488 1 166.34653 -61.917031
1489 1 178.47403 -62.566038
1583 1 335.22486 60.287391
1584 1 346.41495 61.880404
1585 1 252.58366 62.565111
1586 1 10.445540 62.199300
1587 1 21.996953 60.800264
1588 1 32.154960 58.617624
1589 1 40.968090 55.699854
1590 1 48.608654 52.236997
1591 1 55.077769 48.347660
1592 1 60.569497 44.295368
1593 1 65.396815 39.888273
1594 1 69.582058 35.423829
1595 1 73.398650 30.795321
1596 1 76.879398 26.055245
1597 1 80.152310 21.302778
1598 1 83.167398 16.411459
1599 1 86.116049 11.627540
1600 1 88.942898 6.7322284
1601 1 91.704972 1.8799233
1602 1 94.521906 -3.0395508
1603 1 97.426705 -7.9125320
1604 1 100.32841 -12.714673
1605 1 103.35025 -17.505575
1606 1 106.58447 -22.171151
1607 1 110.11031 -26.792975
1608 1 113.94343 -31.390791
1609 1 118.16985 -35.776647
1610 1 122.87660 -39.943057
1611 1 128.22058 -43.882922
1612 1 134.42575 -47.618033
1613 1 141.37560 -50.820566
1614 1 149.25540 -53.656218
1615 1 158.38665 -55.765208
1616 1 168.22362 -57.187124
1617 1 178.69871 -57.749411
1639 1 285.10157 33.159195
1640 1 288.90845 37.805463
1641 1 293.14568 42.400662
1642 1 298.14635 46.849346
1643 1 303.69936 51.009534
1644 1 310.43159 54.896378
1645 1 318.35514 58.365820
1646 1 327.95874 61.281123
1647 1 339.11453 63.502330
1648 1 351.74410 64.702425
1649 1 16.223696 64.880827
1650 1 17.627773 63.919648
1651 1 29.276863 61.977246
1652 1 39.256834 59.253980
1653 1 47.653185 55.854940
1654 1 54.615252 52.072787
1655 1 60.491439 47.944545
1656 1 65.595117 43.603634
1657 1 70.082733 39.100017
1658 1 73.965969 34.479652
1659 1 77.457648 29.750859
1660 1 80.801521 24.942823
1661 1 83.829996 20.050568
1662 1 86.770785 15.202304
1663 1 89.609667 10.363475
1664 1 92.432539 5.4682890
1665 1 95.187109 0.55068684
1666 1 97.996235 -4.2770901
1667 1 100.84063 -9.0897922
1668 1 103.92384 -13.830680
1669 1 107.05284 -18.551125
1670 1 110.42447 -23.103555
1671 1 114.13573 -27.630119
1672 1 118.21701 -32.043392
1673 1 122.70890 -36.278540
1674 1 127.60974 -40.239477
1675 1 133.36879 -43.932090
1676 1 139.82804 -47.258850
1677 1 146.95906 -50.198832
1678 1 155.21054 -52.611511
1679 1 164.24701 -54.288865
1680 1 173.77971 -55.221983
1681 1 183.72090 -55.358185
1682 1 193.25094 -54.562829
1683 1 202.43678 -53.151228
1684 1 210.82277 -50.900595
1685 1 218.41797 -48.094456
1686 1 225.06870 -44.896551
1687 1 230.92720 -41.296943
1688 1 236.04440 -37.367946
1700 1 271.73904 17.531569
1701 1 274.61616 22.426595
1702 1 277.68021 27.252488
1703 1 280.95521 32.061350
1704 1 284.39423 36.791655
1705 1 288.33104 41.514773
1706 1 292.80843 46.064574
1707 1 297.88499 50.492282
1708 1 304.07637 54.735163
1709 1 311.40703 58.543871
1710 1 320.25823 61.922012
1711 1 331.10513 64.659231
1712 1 343.98199 66.568069
1713 1 260.89662 67.330557
1714 1 12.461185 66.865585
1715 1 25.609855 65.252334
1716 1 36.940010 62.737778
1717 1 46.449034 59.510453
1718 1 54.177514 55.690214
1719 1 60.523245 51.638821
1720 1 65.938341 47.301594
1721 1 70.600390 42.726955
1722 1 74.618722 38.119350
1723 1 78.190612 33.335097
1724 1 81.534408 28.563141
1725 1 84.593297 23.712639
1726 1 87.558261 18.799837
1727 1 90.376641 13.966061
1728 1 93.124251 9.0893110
1729 1 95.912711 4.2176855
1730 1 98.669394 -0.64329202
1731 1 101.55802 -5.4332484
1732 1 104.44839 -10.228907
1733 1 107.56950 -14.922036
1734 1 110.84543 -19.462034
1735 1 114.38470 -23.989257
1736 1 118.21361 -28.352053
1737 1 122.57604 -32.587081
1738 1 127.22164 -36.555457
1739 1 132.53989 -40.355372
1740 1 138.46950 -43.717640
1741 1 145.18868 -46.767933
1742 1 152.57234 -49.290360
1743 1 160.75077 -51.273329
1744 1 169.53038 -52.502256
1745 1 178.80457 -52.929243
1746 1 188.01212 -52.685482
1747 1 196.88497 -51.630874
1748 1 205.38324 -49.864757
1749 1 212.96416 -47.501066
1750 1 219.80627 -44.622736
1751 1 225.95960 -41.270632
1752 1 231.36142 -37.590508
1753 1 236.31065 -33.695411
1754 1 240.71007 -29.490720
1755 1 244.62944 -25.213687
1756 1 248.27427 -20.727375
1760 1 259.86072 1.6518669
1761 1 262.72397 6.5427492
1762 1 265.41663 11.323397
1763 1 268.13127 16.246589
1764 1 270.93040 21.122661
1765 1 273.82934 25.964238
1766 1 276.85878 30.785171
1767 1 280.18008 35.694342
1768 1 283.69972 40.456614
1769 1 287.69115 45.144522
1770 1 292.35650 49.766687
1771 1 297.79614 54.200277
1772 1 304.36821 58.317207
1773 1 312.45905 62.165882
1774 1 322.56166 65.501554
1775 1 335.00954 67.996144
1776 1 350.12203 69.459316
1777 1 21.106478 69.623783
1778 1 21.183823 68.547170
1779 1 34.397389 66.207654
1780 1 45.160183 63.093185
1781 1 53.674839 59.462593
1782 1 60.655567 55.311358
1783 1 66.314039 50.902699
1784 1 71.167887 46.352753
1785 1 75.364927 41.730027
1786 1 79.007371 37.038858
1787 1 82.362571 32.168463
1788 1 85.518299 27.333807
1789 1 88.361619 22.452444
1790 1 91.148336 17.583943
1791 1 93.954267 12.683703
1792 1 96.653070 7.8587587
1793 1 99.346616 2.9886788
1794 1 102.19204 -1.7748241
1795 1 105.03571 -6.4802705
1796 1 108.05694 -11.178431
1797 1 111.23533 -15.853366
1798 1 114.72268 -20.293481
1799 1 118.33520 -24.660565
1800 1 122.37802 -28.904764
1801 1 126.85482 -32.900499
1802 1 131.85576 -36.688909
1803 1 137.29082 -40.201232
1804 1 143.51211 -43.240509
1805 1 150.25631 -45.923185
1806 1 157.90907 -48.082143
1807 1 165.90872 -49.612254
1808 1 174.45281 -50.418975
1809 1 183.16193 -50.509895
1810 1 191.89210 -49.902006
1811 1 200.02023 -48.554001
1812 1 207.77862 -46.558069
1813 1 214.75864 -44.047141
1814 1 221.21028 -41.017922
1815 1 226.81809 -37.623347
1816 1 231.91043 -33.989119
1817 1 236.46248 -29.977858
1818 1 240.60827 -25.879845
1819 1 244.44133 -21.540010
1820 1 247.94803 -17.044198
1821 1 251.14327 -12.514495
1822 1 254.17769 -7.7661951
1823 1 257.14029 -3.0915315
1824 1 256.46597 0.47938556
1825 1 259.16790 5.3265799
1826 1 261.84804 10.090470
1827 1 264.49583 14.900789
1828 1 267.19520 19.862556
1829 1 269.99019 24.718317
1830 1 272.89177 29.573921
1831 1 275.90802 34.471995
1832 1 279.16145 39.284869
1833 1 282.75696 44.065447
1834 1 286.85400 48.794849
1835 1 291.67597 53.436719
1836 1 297.38002 57.812908
1837 1 304.66196 62.057438
1838 1 313.51869 65.820080
1839 1 325.48939 68.951911
1840 1 340.22856 71.227420
1841 1 265.99558 72.200363
1842 1 15.403354 71.626376
1843 1 31.046365 69.676074
1844 1 43.532214 66.809309
1845 1 53.184149 63.105720
1846 1 60.780490 59.032083
1847 1 66.969477 54.577963
1848 1 71.941944 50.079695
1849 1 76.253471 45.365379
1850 1 79.977866 40.551474
1851 1 83.321323 35.761546
1852 1 86.352154 30.928944
1853 1 89.306895 26.003336
1854 1 92.128951 21.157295
1855 1 94.808696 16.291547
1856 1 97.429779 11.446833
1857 1 100.14196 6.5694649
1858 1 102.84147 1.8004230
1859 1 105.72083 -2.9724027
1860 1 108.63266 -7.6513266
1861 1 111.67839 -12.193903
1862 1 114.91355 -16.685420
1863 1 118.57936 -21.018585
1864 1 122.37386 -25.225996
1865 1 126.61637 -29.221635
1866 1 131.25315 -33.038617
1867 1 136.38340 -36.498350
1868 1 142.06306 -39.765265
1869 1 148.46488 -42.516356
1870 1 155.34065 -44.841152
1871 1 162.77359 -46.556072
1872 1 170.66235 -47.682624
1873 1 178.86307 -48.148681
1874 1 187.09490 -47.881449
1875 1 195.10234 -46.943854
1876 1 202.81260 -45.371450
1877 1 209.82783 -43.213028
1878 1 216.27387 -40.559598
1879 1 222.18712 -37.427146
1880 1 227.45488 -34.017570
1881 1 232.21234 -30.286762
1882 1 236.57498 -26.321774
1883 1 240.51546 -22.162906
1884 1 244.15658 -17.838641
1885 1 247.48365 -13.349398
1886 1 250.61823 -8.8383654
1887 1 253.60893 -4.1447609
1888 1 255.69619 4.1208729
1889 1 258.33081 8.8690690
1890 1 261.00389 13.657621
1891 1 263.60750 18.451133
1892 1 266.23212 23.358361
1893 1 268.92970 28.263085
1894 1 271.72031 33.117272
1895 1 274.69042 37.996843
1896 1 277.99352 42.823400
1897 1 281.64164 47.648943
1898 1 285.79999 52.375282
1899 1 290.83779 57.020898
1900 1 296.96177 61.511027
1901 1 304.72033 65.690414
1902 1 315.04206 69.380082
1903 1 329.06190 72.406847
1904 1 347.19024 74.277018
1905 1 19.104782 74.527293
1906 1 26.412488 73.039519
1907 1 41.479565 70.377810
1908 1 52.786003 66.745321
1909 1 61.341571 62.607609
1910 1 67.637623 58.254317
1911 1 72.914487 53.628558
1912 1 77.385494 48.954785
1913 1 81.196144 44.114996
1914 1 84.475706 39.325037
1915 1 87.545131 34.446463
1916 1 90.323828 29.590587
1917 1 93.166023 24.678836
1918 1 95.744393 19.841077
1919 1 98.341597 14.985051
1920 1 100.95855 10.164059
1921 1 103.62614 5.4187493
1922 1 106.33811 0.70968005
1923 1 109.24419 -3.9641152
1924 1 112.19315 -8.4997101
1925 1 115.35497 -12.989660
1926 1 118.73226 -17.314960
1927 1 122.38186 -21.562603
1928 1 126.40009 -25.531725
1929 1 130.81410 -29.367483
1930 1 135.69929 -32.949732
1931 1 140.97208 -36.230657
1932 1 146.85907 -39.076322
1933 1 153.17189 -41.450868
1934 1 160.12326 -43.499086
1935 1 167.46763 -44.831092
1936 1 175.01967 -45.540702
1937 1 182.87890 -45.664599
1938 1 190.53923 -45.100871
1939 1 198.03632 -43.903106
1940 1 205.08483 -42.077446
1941 1 211.65032 -39.743611
1942 1 217.60346 -36.983472
1943 1 223.04121 -33.831765
1944 1 227.98695 -30.324673
1945 1 232.49070 -26.607798
1946 1 236.57977 -22.632649
1947 1 240.35187 -18.492763
1948 1 243.74720 -14.142479
1949 1 247.04154 -9.7343237
1950 1 250.03822 -5.1744962
1951 1 252.91783 -0.57176724
1952 1 252.17289 3.0238672
1953 1 254.81166 7.7445595
1954 1 257.40298 12.498212
1955 1 259.98261 17.227195
1956 1 262.54521 22.051377
1957 1 265.09953 26.887193
1958 1 267.67195 31.732755
1959 1 270.43336 36.667439
1960 1 273.39403 41.521916
1961 1 276.57845 46.355740
1962 1 280.14571 51.229139
1963 1 284.38800 56.015941
1964 1 289.52087 60.634366
1965 1 295.92527 65.122798
1966 1 304.54250 69.379646
1967 1 316.87086 73.079610
1968 1 334.30339 75.844846
1969 1 260.82556 77.132724
1970 1 20.055360 76.365571
1971 1 38.920088 73.959918
1972 1 52.499842 70.437517
1973 1 62.053401 66.335199
1974 1 68.895734 61.864477
1975 1 74.425302 57.227796
1976 1 78.796453 52.501685
1977 1 82.532049 47.714225
1978 1 85.843327 42.869730
1979 1 88.839246 37.987506
1980 1 91.609257 33.062764
1981 1 94.261048 28.188606
1982 1 96.877809 23.341613
1983 1 99.372518 18.569049
1984 1 101.91263 13.744228
1985 1 104.50529 8.9698704
1986 1 107.19019 4.3018000
1987 1 109.86979 -0.29985782
1988 1 112.74684 -4.8290516
1989 1 115.82877 -9.3511772
1990 1 119.04356 -13.672521
1991 1 122.58952 -17.864702
1992 1 126.33535 -21.888940
1993 1 130.50404 -25.759481
1994 1 134.98449 -29.315471
1995 1 139.95690 -32.589777
1996 1 145.38877 -35.567189
1997 1 151.35754 -38.104241
1998 1 157.74114 -40.187634
1999 1 164.51996 -41.826305
2000 1 171.77709 -42.836455
2001 1 178.99158 -43.223251
2002 1 186.36594 -42.957455
2003 1 193.52547 -42.166357
2004 1 200.53522 -40.712173
2005 1 207.03577 -38.704988
2006 1 213.08403 -36.264846
2007 1 218.59685 -33.438839
2008 1 223.74021 -30.262239
2009 1 228.33211 -26.677021
2010 1 232.61826 -22.932802
2011 1 236.48746 -18.944242
2012 1 240.07165 -14.847227
2013 1 243.39985 -10.595373
2014 1 246.47453 -6.0815762
2015 1 249.42990 -1.5986202
2016 1 251.25904 6.5969696
2017 1 253.92182 11.245402
2018 1 256.41312 16.008112
2019 1 258.81137 20.741647
2020 1 261.29213 25.535032
2021 1 263.68988 30.339168
2022 1 266.21987 35.247342
2023 1 268.92083 40.088519
2024 1 271.65821 44.997466
2025 1 274.81499 49.844263
2026 1 278.26933 54.720180
2027 1 282.41625 59.522072
2028 1 287.72578 64.183109
2029 1 294.54315 68.761273
2030 1 304.14513 73.022757
2031 1 319.01767 76.703832
2032 1 341.75179 79.165320
2033 1 24.363177 79.481986
2034 1 35.749083 77.484827
2035 1 52.460864 74.094356
2036 1 63.222753 69.980294
2037 1 70.747170 65.496544
2038 1 76.325312 60.800611
2039 1 80.647887 55.956653
2040 1 84.267014 51.236620
2041 1 87.556727 46.271285
2042 1 90.445688 41.438203
2043 1 93.053506 36.518348
2044 1 95.702314 31.688804
2045 1 98.160127 26.799441
2046 1 100.55096 22.012576
2047 1 102.96450 17.228256
2048 1 105.50637 12.537504
2049 1 108.04403 7.8310965
2050 1 110.71145 3.2317445
2051 1 113.45888 -1.2844048
2052 1 116.34152 -5.6841620
2053 1 119.45731 -10.031785
2054 1 122.84589 -14.181170
2055 1 126.43176 -18.244102
2056 1 130.34245 -22.056438
2057 1 134.58371 -25.625936
2058 1 139.16374 -29.033960
2059 1 144.28946 -32.034506
2060 1 149.78575 -34.682007
2061 1 155.76392 -36.955225
2062 1 162.09699 -38.671475
2063 1 168.66089 -39.875214
2064 1 175.60613 -40.611262
2065 1 182.65715 -40.675905
2066 1 189.48384 -40.153013
2067 1 196.27488 -39.096045
2068 1 202.70650 -37.427237
2069 1 208.71500 -35.343115
2070 1 214.37703 -32.744649
2071 1 219.52486 -29.874860
2072 1 224.24537 -26.588186
2073 1 228.63155 -23.017545
2074 1 232.54148 -19.302899
2075 1 236.32427 -15.308442
2076 1 239.70724 -11.176341
2077 1 242.88622 -6.8904359
2078 1 245.86334 -2.5483192
2079 1 248.68758 1.9919637
2080 1 247.78017 5.5970930
2081 1 250.34984 10.173079
2082 1 252.81195 14.716887
2083 1 255.21033 19.455064
2084 1 257.46773 24.231643
2085 1 259.81029 28.988126
2086 1 262.15106 33.781153
2087 1 264.57888 38.590537
2088 1 266.97764 43.456521
2089 1 269.64043 48.350711
2090 1 272.67904 53.232412
2091 1 275.97641 58.099014
2092 1 279.80650 62.932809
2093 1 284.91667 67.693214
2094 1 292.24835 72.333474
2095 1 303.00726 76.651391
2096 1 322.15738 80.253218
2097 1 265.07924 82.122282
2098 1 30.541653 81.039688
2099 1 52.960914 77.735265
2100 1 65.571446 73.607442
2101 1 73.356148 68.934909
2102 1 78.965230 64.210877
2103 1 83.112035 59.479245
2104 1 86.580592 54.571507
2105 1 89.617183 49.685549
2106 1 92.301362 44.799689
2107 1 94.766124 39.909087
2108 1 97.258769 35.111256
2109 1 99.612168 30.251857
2110 1 101.92042 25.481886
2111 1 104.31132 20.744569
2112 1 106.59416 16.039730
2113 1 109.00346 11.356353
2114 1 111.55682 6.7589006
2115 1 114.21541 2.2546502
2116 1 117.03055 -2.1179841
2117 1 120.03058 -6.3948348
2118 1 123.15625 -10.565714
2119 1 126.61549 -14.588163
2120 1 130.27315 -18.320724
2121 1 134.30444 -21.969102
2122 1 138.63150 -25.330497
2123 1 143.36815 -28.455524
2124 1 148.43499 -31.138525
2125 1 153.94519 -33.532302
2126 1 159.90457 -35.404844
2127 1 166.09418 -36.857817
2128 1 172.50963 -37.791246
2129 1 179.14757 -38.129954
2130 1 185.79318 -37.933287
2131 1 192.24382 -37.185673
2132 1 198.51245 -35.928865
2133 1 204.45025 -34.128276
2134 1 210.16988 -31.857593
2135 1 215.37697 -29.218884
2136 1 220.19912 -26.192188
2137 1 224.66187 -22.917982
2138 1 228.71172 -19.363632
2139 1 232.49905 -15.626848
2140 1 235.95760 -11.655048
2141 1 239.23921 -7.4895878
2142 1 242.22977 -3.2286181
2143 1 245.04091 1.0900414
2144 1 246.78870 9.1191514
2145 1 249.22025 13.564758
2146 1 251.55020 18.199931
2147 1 253.73072 22.862921
2148 1 255.97419 27.622949
2149 1 258.12109 32.310091
2150 1 260.30692 37.094284
2151 1 262.51806 41.956081
2152 1 264.83486 46.775994
2153 1 267.16081 51.689324
2154 1 269.82242 56.547528
2155 1 272.79371 61.403490
2156 1 276.40598 66.316820
2157 1 281.12987 71.077116
2158 1 287.92943 75.809043
2159 1 300.27470 80.265208
2160 1 327.45933 83.831932
2161 1 28.273189 84.418843
2162 1 54.721463 81.379193
2163 1 69.424371 77.060397
2164 1 77.476530 72.378957
2165 1 82.637739 67.578614
2166 1 86.366473 62.747399
2167 1 89.448364 57.880263
2168 1 92.164325 53.001499
2169 1 94.625805 48.131276
2170 1 96.913325 43.272477
2171 1 99.142317 38.405037
2172 1 101.31157 33.634833
2173 1 103.47919 28.868905
2174 1 105.65033 24.156881
2175 1 107.86648 19.427048
2176 1 110.21306 14.846004
2177 1 112.60322 10.307962
2178 1 115.15404 5.7851129
2179 1 117.85368 1.5147610
2180 1 120.60522 -2.7942349
2181 1 123.61403 -6.9388680
2182 1 126.90835 -10.892899
2183 1 130.33603 -14.712921
2184 1 134.05673 -18.342805
2185 1 138.21469 -21.696674
2186 1 142.65803 -24.825068
2187 1 147.41640 -27.644988
2188 1 152.52798 -30.020741
2189 1 157.99618 -32.168385
2190 1 163.80099 -33.710165
2191 1 169.79357 -34.856698
2192 1 176.05468 -35.479412
2193 1 182.34209 -35.532851
2194 1 188.61019 -35.070010
2195 1 194.71117 -34.096756
2196 1 200.50095 -32.598609
2197 1 206.09926 -30.653257
2198 1 211.30883 -28.343296
2199 1 216.18548 -25.620293
2200 1 220.70954 -22.583962
2201 1 224.80277 -19.269347
2202 1 228.67196 -15.701492
2203 1 232.25850 -11.997473
2204 1 235.59146 -8.0233312
2205 1 238.67715 -3.9184543
2206 1 241.48739 0.33416833
2207 1 244.22995 4.6837478
2208 1 243.14068 8.1676094
2209 1 245.60817 12.607670
2210 1 247.88674 17.081498
2211 1 250.01190 21.604248
2212 1 252.17455 26.200538
2213 1 254.22150 30.846540
2214 1 256.13374 35.633344
2215 1 258.08817 40.369158
2216 1 260.06083 45.138575
2217 1 261.98945 49.933131
2218 1 264.08169 54.834162
2219 1 266.11277 59.698321
2220 1 268.61539 64.549742
2221 1 271.19745 69.405010
2222 1 275.19324 74.254124
2223 1 280.59459 79.134051
2224 1 292.56911 83.751357
2225 1 246.38046 87.175970
2226 1 61.122328 84.969096
2227 1 77.136425 80.355767
2228 1 83.898705 75.615735
2229 1 87.827253 70.743805
2230 1 90.725578 65.867083
2231 1 93.278173 60.996707
2232 1 95.431717 56.138131
2233 1 97.420646 51.257785
2234 1 99.413509 46.492593
2235 1 101.42119 41.659141
2236 1 103.33401 36.904695
2237 1 105.32528 32.142578
2238 1 107.33036 27.440493
2239 1 109.40430 22.831586
2240 1 111.60809 18.286030
2241 1 113.85912 13.785451
2242 1 116.17470 9.3198770
2243 1 118.69702 5.0064759
2244 1 121.41521 0.80650133
2245 1 124.22265 -3.3645250
2246 1 127.33821 -7.2732397
2247 1 130.58674 -11.056348
2248 1 134.16873 -14.728124
2249 1 137.97132 -18.082042
2250 1 142.15151 -21.179073
2251 1 146.55632 -24.021354
2252 1 151.32110 -26.542582
2253 1 156.39743 -28.719771
2254 1 161.80251 -30.459286
2255 1 167.48705 -31.801067
2256 1 173.28141 -32.565487
2257 1 179.22971 -32.894073
2258 1 185.19011 -32.693602
2259 1 191.04420 -32.042588
2260 1 196.78600 -30.845199
2261 1 202.20504 -29.236439
2262 1 207.38790 -27.181919
2263 1 212.20735 -24.748354
2264 1 216.78837 -21.980789
2265 1 221.01996 -18.893161
2266 1 224.96411 -15.608891
2267 1 228.48802 -12.125460
2268 1 231.87160 -8.3192368
2269 1 235.00955 -4.4327990
2270 1 237.85601 -0.35602455
2271 1 240.61306 3.8625771
2272 1 241.96915 11.659449
2273 1 244.20836 15.997491
2274 1 246.34139 20.449958
2275 1 248.38317 24.913978
2276 1 250.22745 29.491301
2277 1 252.05199 34.100982
2278 1 253.79429 38.740710
2279 1 255.48901 43.481632
2280 1 257.13520 48.237107
2281 1 258.64061 52.993846
2282 1 260.15357 57.790514
2283 1 261.51182 62.617007
2284 1 262.88356 67.395142
2285 1 264.14537 72.231729
2286 1 265.50638 77.127832
2287 1 266.02862 82.000419
2288 1 265.67707 86.693721
2289 1 100.91745 87.873777
2290 1 93.652372 83.248565
2291 1 94.424826 78.450140
2292 1 95.562056 73.608097
2293 1 96.780607 68.749044
2294 1 98.170162 63.910423
2295 1 99.550070 59.123655
2296 1 101.02941 54.318850
2297 1 102.51431 49.494265
2298 1 104.17999 44.749325
2299 1 105.82091 40.111592
2300 1 107.50182 35.365623
2301 1 109.30711 30.756443
2302 1 111.10415 26.139166
2303 1 113.15867 21.668800
2304 1 115.27315 17.174141
2305 1 117.44942 12.797864
2306 1 119.83366 8.5214690
2307 1 122.34285 4.3481367
2308 1 125.01579 0.25792219
2309 1 127.92643 -3.6358980
2310 1 131.00563 -7.3927844
2311 1 134.33754 -11.009665
2312 1 137.97105 -14.384097
2313 1 141.83326 -17.535051
2314 1 145.97815 -20.417110
2315 1 150.37434 -22.950521
2316 1 155.17041 -25.213479
2317 1 160.22011 -27.081149
2318 1 165.41922 -28.509146
2319 1 170.87817 -29.551245
2320 1 176.40179 -30.077284
2321 1 182.12444 -30.168008
2322 1 187.70272 -29.709628
2323 1 193.19406 -28.826462
2324 1 198.51359 -27.533846
2325 1 203.58121 -25.771556
2326 1 208.41316 -23.600234
2327 1 212.92756 -21.124701
2328 1 217.14454 -18.307399
2329 1 221.11048 -15.278130
2330 1 224.70798 -11.945244
2331 1 228.19673 -8.3909829
2332 1 231.32197 -4.7264690
2333 1 234.25879 -0.83432140
2334 1 237.00095 3.2140762
2335 1 239.57413 7.3858597
2336 1 238.28090 10.879965
2337 1 240.53270 15.042616
2338 1 242.53716 19.353743
2339 1 244.56765 23.661749
2340 1 246.34282 28.154964
2341 1 247.96942 32.648201
2342 1 249.66913 37.167922
2343 1 251.05261 41.797069
2344 1 252.35003 46.405076
2345 1 253.53922 51.058096
2346 1 254.39612 55.805302
2347 1 255.21720 60.500807
2348 1 255.39659 65.227618
2349 1 255.41777 69.944924
2350 1 254.32029 74.654820
2351 1 250.76405 79.273086
2352 1 239.45293 83.691730
2353 1 193.13482 86.779722
2354 1 127.37968 84.757093
2355 1 111.15763 80.503968
2356 1 106.32894 75.851974
2357 1 104.74130 71.210151
2358 1 104.37395 66.430125
2359 1 104.60039 61.774997
2360 1 105.31785 57.067947
2361 1 106.29703 52.366315
2362 1 107.36359 47.668136
2363 1 108.64690 43.023511
2364 1 110.01015 38.420316
2365 1 111.59398 33.864701
2366 1 113.21446 29.355037
2367 1 115.08374 24.930535
2368 1 116.88702 20.525820
2369 1 118.97191 16.217766
2370 1 121.08420 11.993898
2371 1 123.48709 7.8562789
2372 1 125.97220 3.7832834
2373 1 128.68585 -0.034268198
2374 1 131.57629 -3.7743263
2375 1 134.71930 -7.3254194
2376 1 138.09751 -10.669249
2377 1 141.71846 -13.869989
2378 1 145.59999 -16.760169
2379 1 149.71609 -19.337799
2380 1 154.11610 -21.670657
2381 1 158.75854 -23.602198
2382 1 163.64313 -25.164402
2383 1 168.77263 -26.337653
2384 1 174.01595 -27.109334
2385 1 179.27470 -27.360754
2386 1 184.61967 -27.205376
2387 1 189.83370 -26.601129
2388 1 194.99818 -25.499197
2389 1 199.95364 -24.099342
2390 1 204.65326 -22.235644
2391 1 209.18911 -19.999006
2392 1 213.36572 -17.483317
2393 1 217.29894 -14.674335
2394 1 221.02337 -11.574328
2395 1 224.38458 -8.1885739
2396 1 227.60898 -4.7587545
2397 1 230.61686 -1.0945419
2398 1 233.37607 2.8279089
2399 1 235.90951 6.7638929
2400 1 236.76085 14.303268
2401 1 238.77763 18.406370
2402 1 240.65465 22.592144
2403 1 242.39701 26.877996
2404 1 244.04637 31.215403
2405 1 245.45761 35.626561
2406 1 246.67149 40.099861
2407 1 247.65210 44.625080
2408 1 248.55238 49.138802
2409 1 249.14751 53.694628
2410 1 249.42734 58.208133
2411 1 249.19338 62.785991
2412 1 248.14700 67.363467
2413 1 245.75637 71.817798
2414 1 240.83979 76.188878
2415 1 230.75019 80.214698
2416 1 206.19729 83.322558
2417 1 163.83708 83.790860
2418 1 134.60541 81.166950
2419 1 121.09623 77.352007
2420 1 115.17378 73.023081
2421 1 112.52619 68.533878
2422 1 111.15272 64.017997
2423 1 110.51086 59.448518
2424 1 110.85946 54.906393
2425 1 111.34089 50.373796
2426 1 112.05509 45.818622
2427 1 113.06284 41.309612
2428 1 114.29299 36.829686
2429 1 115.66484 32.407058
2430 1 117.17795 28.032035
2431 1 118.90451 23.713908
2432 1 120.74357 19.507499
2433 1 122.70200 15.368359
2434 1 124.84794 11.260745
2435 1 127.20396 7.3147960
2436 1 129.68129 3.5421649
2437 1 132.39475 -0.16950647
2438 1 135.29607 -3.6503055
2439 1 138.42812 -7.0230597
2440 1 141.77923 -10.119231
2441 1 145.40734 -13.020250
2442 1 149.28596 -15.659302
2443 1 153.35669 -17.995991
2444 1 157.71617 -20.094433
2445 1 162.21192 -21.799293
2446 1 166.97093 -23.001073
2447 1 171.85030 -23.925440
2448 1 176.79284 -24.414633
2449 1 181.83499 -24.452166
2450 1 186.84075 -24.130852
2451 1 191.78914 -23.304030
2452 1 196.52507 -22.099824
2453 1 201.15078 -20.494817
2454 1 205.52098 -18.590028
2455 1 209.69266 -16.354904
2456 1 213.65234 -13.829568
2457 1 217.28493 -10.941281
2458 1 220.73152 -7.8727115
2459 1 223.87174 -4.6039799
2460 1 226.88984 -1.1145046
2461 1 229.61686 2.4930602
2462 1 232.20804 6.3091169
2463 1 234.52075 10.213937
2464 1 232.99037 13.600583
2465 1 234.98890 17.580252
2466 1 236.76397 21.644880
2467 1 238.46949 25.718809
2468 1 239.92047 29.899103
2469 1 241.17969 34.174865
2470 1 242.29682 38.458075
2471 1 243.17191 42.764304
2472 1 243.73162 47.209670
2473 1 244.10086 51.569199
2474 1 244.02815 55.901535
2475 1 243.31788 60.272513
2476 1 241.71618 64.646869
2477 1 238.77695 68.837693
2478 1 233.95032 72.938613
2479 1 224.96168 76.624292
2480 1 208.98876 79.603926
2481 1 183.76749 81.086732
2482 1 156.61487 80.214460
2483 1 138.29811 77.586710
2484 1 128.09418 73.964926
2485 1 122.04865 69.987391
2486 1 118.95830 65.777749
2487 1 117.07584 61.463204
2488 1 116.23663 57.108004
2489 1 115.93559 52.710300
2490 1 116.15676 48.342577
2491 1 116.72154 43.974417
2492 1 117.44106 39.641653
2493 1 118.48629 35.286013
2494 1 119.72570 31.058323
2495 1 121.20090 26.854954
2496 1 122.77185 22.722029
2497 1 124.59853 18.579092
2498 1 126.57327 14.748285
2499 1 128.67135 10.834078
2500 1 130.93546 7.0405528
2501 1 133.43958 3.4190154
2502 1 136.13508 -0.043264022
2503 1 139.04707 -3.3289060
2504 1 142.11971 -6.4473784
2505 1 145.55364 -9.2784781
2506 1 149.06949 -11.916233
2507 1 152.80155 -14.360961
2508 1 156.84392 -16.364578
2509 1 161.11121 -18.163860
2510 1 165.49387 -19.516535
2511 1 170.02430 -20.617596
2512 1 174.68023 -21.288165
2513 1 179.40670 -21.492265
2514 1 184.07743 -21.315657
2515 1 188.76934 -20.740520
2516 1 193.33601 -19.825662
2517 1 197.75312 -18.510139
2518 1 202.02495 -16.877154
2519 1 206.14198 -14.936191
2520 1 209.94695 -12.602845
2521 1 213.60895 -10.042233
2522 1 216.96634 -7.2065973
2523 1 220.14424 -4.1088581
2524 1 223.15368 -0.95072690
2525 1 225.91700 2.5042079
2526 1 228.36441 6.0416982
2527 1 230.88441 9.7370874
2528 1 230.87523 16.637296
2529 1 232.78611 20.532192
2530 1 234.32244 24.466957
2531 1 235.77240 28.521267
2532 1 236.92525 32.589028
2533 1 238.00620 36.771062
2534 1 238.69332 40.925680
2535 1 239.10227 45.207036
2536 1 239.13092 49.438444
2537 1 238.83929 53.637319
2538 1 237.96714 57.802542
2539 1 236.03929 61.980896
2540 1 232.87660 65.981568
2541 1 228.19184 69.808753
2542 1 220.27236 73.208515
2543 1 208.18579 75.969774
2544 1 193.85835 77.540603
2545 1 174.00019 77.878464
2546 1 155.62927 76.536636
2547 1 142.35340 73.993068
2548 1 133.64047 70.669682
2549 1 128.00609 66.922542
2550 1 124.61880 62.958344
2551 1 122.50044 58.844306
2552 1 121.49137 54.666833
2553 1 120.83649 50.445550
2554 1 120.80061 46.200092
2555 1 121.20396 41.986837
2556 1 121.98870 37.808749
2557 1 122.86154 33.627117
2558 1 124.06562 29.513987
2559 1 125.35002 25.483104
2560 1 126.68700 22.169959
2561 1 128.41966 18.232168
2562 1 130.31696 14.377849
2563 1 132.37393 10.672516
2564 1 134.68829 7.1025154
2565 1 137.16563 3.6660585
2566 1 139.82430 0.40103715
2567 1 142.78279 -2.6555706
2568 1 145.90558 -5.5078424
2569 1 149.19662 -8.2100940
2570 1 152.82125 -10.568231
2571 1 156.51470 -12.700810
2572 1 160.44251 -14.504368
2573 1 164.53621 -15.967615
2574 1 168.81965 -17.141871
2575 1 173.20095 -17.892187
2576 1 176.84018 -18.261335
2577 1 181.35596 -18.363385
2578 1 185.82055 -18.031679
2579 1 190.19090 -17.376482
2580 1 194.46090 -16.345109
2581 1 198.64305 -14.944772
2582 1 202.59363 -13.207974
2583 1 206.35694 -11.108569
2584 1 209.96828 -8.7650552
2585 1 213.37881 -6.2210005
2586 1 216.53952 -3.3822919
2587 1 219.49930 -0.36304678
2588 1 222.22318 2.9080645
2589 1 224.78750 6.2285033
2590 1 227.10082 9.8215279
2591 1 229.24408 13.451297
2592 1 228.09605 18.412235
2593 1 229.84363 22.320590
2594 1 231.25537 26.292549
2595 1 232.47821 30.423874
2596 1 233.57339 34.572790
2597 1 234.27816 38.738018
2598 1 234.58809 43.014052
2599 1 234.53333 47.223774
2600 1 233.87888 51.453890
2601 1 232.72080 55.664899
2602 1 230.58892 59.722048
2603 1 227.10170 63.640713
2604 1 222.02981 67.276153
2605 1 214.18869 70.509023
2606 1 203.31844 73.019374
2607 1 188.85728 74.536532
2608 1 172.77651 74.630122
2609 1 158.21888 73.297688
2610 1 146.89222 70.855697
2611 1 138.90045 67.736872
2612 1 133.37854 64.112048
2613 1 129.78248 60.243002
2614 1 127.53060 56.159427
2615 1 126.11499 51.984909
2616 1 125.56155 47.782027
2617 1 125.45511 43.559943
2618 1 125.69334 39.344392
2619 1 126.43632 35.100384
2620 1 127.38754 30.904661
2621 1 128.62423 26.800205
2622 1 130.01943 22.729694
2623 1 131.76219 18.883656
2624 1 133.62419 15.022747
2625 1 135.78676 11.347127
2626 1 138.10287 7.8017259
2627 1 140.65450 4.3594058
2628 1 143.49605 1.1898995
2629 1 146.46041 -1.8006814
2630 1 149.70016 -4.5176194
2631 1 153.10563 -7.0448739
2632 1 156.73051 -9.3002993
2633 1 160.60832 -11.164135
2634 1 164.65905 -12.690622
2635 1 168.92691 -13.853593
2636 1 173.15737 -14.724927
2637 1 177.55596 -15.139154
2638 1 181.92960 -15.150937
2639 1 186.33356 -14.784916
2640 1 190.63953 -14.015264
2641 1 194.79144 -12.855498
2642 1 198.89272 -11.372919
2643 1 202.73123 -9.4959073
2644 1 206.42977 -7.3220931
2645 1 209.94098 -4.9050628
2646 1 213.22553 -2.1777844
2647 1 216.23447 0.80656992
2648 1 219.05632 3.9519330
2649 1 221.63790 7.3241765
2650 1 223.96618 10.870992
2651 1 226.14127 14.560304
2652 1 225.07778 19.765066
2653 1 226.76584 23.760831
2654 1 228.11375 27.868242
2655 1 229.13821 32.043033
2656 1 229.89555 36.326718
2657 1 230.27431 40.616289
2658 1 230.09579 44.860347
2659 1 229.54135 49.139378
2660 1 228.05538 53.332657
2661 1 225.72645 57.400326
2662 1 222.31586 61.274830
2663 1 217.05227 64.827942
2664 1 209.37130 67.858418
2665 1 199.40708 70.189901
2666 1 186.55271 71.446474
2667 1 172.99603 71.460912
2668 1 160.75155 70.127311
2669 1 150.63106 67.848965
2670 1 143.08741 64.757429
2671 1 137.74001 61.255735
2672 1 134.19719 57.348570
2673 1 131.82623 53.312454
2674 1 130.49783 49.044158
2675 1 129.84445 44.811953
2676 1 129.78818 40.511227
2677 1 130.12314 36.238849
2678 1 130.87473 32.013758
2679 1 132.04553 27.804170
2680 1 133.33955 23.726417
2681 1 134.99731 19.774287
2682 1 136.88009 15.816413
2683 1 139.07738 12.103688
2684 1 141.47188 8.5356652
2685 1 144.12440 5.1641824
2686 1 147.04565 1.9677127
2687 1 150.20915 -0.89796200
2688 1 153.59998 -3.5325930
2689 1 157.18256 -5.8674868
2690 1 161.06003 -7.8519078
2691 1 165.02537 -9.4761466
2692 1 169.23312 -10.773632
2693 1 173.47860 -11.559497
2694 1 177.85401 -11.990910
2695 1 182.27519 -11.989906
2696 1 186.53981 -11.562097
2697 1 190.93301 -10.755518
2698 1 195.01990 -9.4233615
2699 1 199.07263 -7.8220463
2700 1 202.86081 -5.8781625
2701 1 206.45448 -3.5253142
2702 1 209.92045 -0.89955171
2703 1 213.01389 2.0299941
2704 1 215.93911 5.1757747
2705 1 218.59638 8.6295316
2706 1 220.97986 12.196668
2707 1 223.19554 15.766661
2708 1 222.07667 21.087531
2709 1 223.64578 25.144483
2710 1 224.83785 29.361579
2711 1 225.66922 33.650909
2712 1 226.08345 37.918292
2713 1 226.05842 42.267808
2714 1 225.26908 46.592777
2715 1 223.86763 50.803262
2716 1 221.58670 54.893058
2717 1 218.03195 58.755902
2718 1 212.67448 62.214396
2719 1 205.46976 65.150845
2720 1 196.28295 67.283667
2721 1 184.86435 68.410024
2722 1 172.99878 68.300934
2723 1 162.33860 66.981060
2724 1 153.32181 64.706160
2725 1 146.39161 61.717373
2726 1 141.37923 58.160363
2727 1 138.05219 54.280313
2728 1 135.78342 50.177850
2729 1 134.52777 45.883785
2730 1 133.96347 41.612543
2731 1 133.88744 37.321673
2732 1 134.47142 32.957968
2733 1 135.34511 28.782595
2734 1 136.62229 24.537723
2735 1 138.27603 20.533726
2736 1 140.16969 16.569809
2737 1 142.39020 12.827523
2738 1 144.86877 9.2486363
2739 1 147.65402 5.8833512
2740 1 150.72628 2.8005324
2741 1 154.04055 0.023363795
2742 1 157.56275 -2.4803969
2743 1 161.38126 -4.5467256
2744 1 165.40390 -6.2940997
2745 1 169.46974 -7.6325273
2746 1 173.85703 -8.4263630
2747 1 178.19910 -8.8612233
2748 1 182.59471 -8.8882302
2749 1 186.91285 -8.3702800
2750 1 191.17419 -7.4327431
2751 1 195.33147 -6.0505210
2752 1 199.25401 -4.2443054
2753 1 203.02792 -2.0915273
2754 1 206.52282 0.46530100
2755 1 209.81242 3.2792683
2756 1 212.86440 6.3172925
2757 1 215.56218 9.8793646
2758 1 218.03136 13.405315
2759 1 220.14726 17.165584
2760 1 219.04706 22.324451
2761 1 220.51303 26.547896
2762 1 221.52064 30.836414
2763 1 222.14336 35.145971
2764 1 222.24111 39.572006
2765 1 221.61624 43.879932
2766 1 220.18444 48.143682
2767 1 217.86238 52.224212
2768 1 214.28820 56.038698
2769 1 209.21671 59.502830
2770 1 202.40572 62.362296
2771 1 193.72765 64.348317
2772 1 183.65869 65.301772
2773 1 173.22109 65.137358
2774 1 163.63222 63.876392
2775 1 155.43102 61.551959
2776 1 149.06695 58.557192
2777 1 144.41626 54.955266
2778 1 141.38284 51.024698
2779 1 139.28439 46.864599
2780 1 138.21958 42.594117
2781 1 137.84231 38.204039
2782 1 138.05285 33.841819
2783 1 138.71598 29.541156
2784 1 139.96353 25.363847
2785 1 141.52425 21.197301
2786 1 143.45588 17.166191
2787 1 145.72318 13.376539
2788 1 148.32265 9.8609456
2789 1 151.21107 6.5483996
2790 1 154.43633 3.5734107
2791 1 157.97308 0.97876463
2792 1 161.68513 -1.2335665
2793 1 165.63391 -3.0907335
2794 1 169.77548 -4.5204687
2795 1 174.11177 -5.3865899
2796 1 178.44575 -5.7939015
2797 1 182.88443 -5.7190848
2798 1 187.22282 -5.1729647
2799 1 191.48052 -4.1179584
2800 1 195.60951 -2.6451632
2801 1 199.48429 -0.66025779
2802 1 203.14512 1.7512921
2803 1 206.57831 4.4472173
2804 1 209.66879 7.5938818
2805 1 212.51485 10.952028
2806 1 215.04934 14.511746
2807 1 217.19559 18.332713
2808 1 216.04772 23.641480
2809 1 217.32233 27.796426
2810 1 218.18947 32.178198
2811 1 218.40017 36.535584
2812 1 217.97394 40.920956
2813 1 216.76495 45.254441
2814 1 214.55935 49.419963
2815 1 211.21260 53.267274
2816 1 206.33485 56.698244
2817 1 199.80922 59.461716
2818 1 191.80692 61.404202
2819 1 182.49304 62.351779
2820 1 173.28689 62.041506
2821 1 164.41193 60.724070
2822 1 157.19175 58.339505
2823 1 151.41665 55.260629
2824 1 147.25084 51.626299
2825 1 144.42135 47.583576
2826 1 142.68645 43.347802
2827 1 141.78882 39.004018
2828 1 141.63196 34.616283
2829 1 142.13696 30.290741
2830 1 143.30650 25.942630
2831 1 144.80579 21.791003
2832 1 146.76012 17.794176
2833 1 149.13032 14.029222
2834 1 151.84908 10.507217
2835 1 154.89922 7.2802335
2836 1 158.28193 4.4756297
2837 1 161.95584 2.0135338
2838 1 165.94536 0.11298476
2839 1 170.11936 -1.3752296
2840 1 174.45187 -2.2876907
2841 1 178.81083 -2.7457258
2842 1 183.19922 -2.6384877
2843 1 187.58543 -2.0546122
2844 1 191.82265 -0.82392585
2845 1 195.85775 0.90764495
2846 1 199.68694 3.0711647
2847 1 203.26015 5.6651973
2848 1 206.52976 8.6460757
2849 1 209.43186 12.017229
2850 1 212.03261 15.574850
2851 1 214.20380 19.458455
2852 1 212.89020 24.715438
2853 1 213.99782 29.015124
2854 1 214.51937 33.389051
2855 1 214.53034 37.854960
2856 1 213.50201 42.282756
2857 1 211.59318 46.469564
2858 1 208.33208 50.358835
2859 1 203.70157 53.791089
2860 1 197.75791 56.551834
2861 1 190.37320 58.507193
2862 1 181.81243 59.300233
2863 1 173.07546 58.978051
2864 1 165.20386 57.528082
2865 1 158.56316 55.047270
2866 1 153.38053 51.885455
2867 1 149.68550 48.177201
2868 1 147.22249 44.056699
2869 1 145.83800 39.733693
2870 1 145.38480 35.279142
2871 1 145.59282 30.896637
2872 1 146.66949 26.592152
2873 1 148.06064 22.303748
2874 1 150.06796 18.292112
2875 1 152.55864 14.518833
2876 1 155.38907 11.079913
2877 1 158.72920 8.0288800
2878 1 162.30381 5.4414492
2879 1 166.20378 3.3076784
2880 1 170.29730 1.7042076
2881 1 174.65267 0.69152634
2882 1 179.07910 0.31100168
2883 1 183.55234 0.40114995
2884 1 187.92198 1.2058017
2885 1 192.15607 2.5701648
2886 1 196.17063 4.4221385
2887 1 199.86990 6.8963048
2888 1 203.29716 9.8253785
2889 1 206.31653 13.082639
2890 1 209.02493 16.655989
2891 1 211.13160 20.664826
2892 1 209.79712 25.827923
2893 1 210.70992 30.141108
2894 1 211.01101 34.650132
2895 1 210.30365 39.103377
2896 1 208.70554 43.371048
2897 1 205.85400 47.323958
2898 1 201.71821 50.832367
2899 1 196.01357 53.639880
2900 1 189.00482 55.502219
2901 1 181.02967 56.314363
2902 1 173.23492 55.852761
2903 1 165.86416 54.286892
2904 1 159.81533 51.728746
2905 1 155.19446 48.403211
2906 1 151.92331 44.480704
2907 1 149.99553 40.292261
2908 1 149.13392 35.845822
2909 1 149.20079 31.381962
2910 1 149.97691 27.013775
2911 1 151.41305 22.775595
2912 1 153.44497 18.683235
2913 1 155.99291 15.040790
2914 1 159.12032 11.677775
2915 1 162.57961 8.8094929
2916 1 166.47671 6.5444592
2917 1 170.56615 4.7566481
2918 1 174.96624 3.7218481
2919 1 179.33855 3.3280581
2920 1 183.88751 3.5148513
2921 1 188.24851 4.4388477
2922 1 192.46314 6.0121552
2923 1 196.39715 8.1548237
2924 1 199.97862 10.838251
2925 1 203.20411 14.035086
2926 1 205.92147 17.621725
2927 1 208.08696 21.657503
2928 1 206.60839 26.828815
2929 1 207.40308 31.227242
2930 1 207.19584 35.714246
2931 1 206.01422 40.105646
2932 1 203.53490 44.183407
2933 1 199.74188 47.821636
2934 1 194.42962 50.705433
2935 1 187.87993 52.600141
2936 1 180.49491 53.347843
2937 1 173.10824 52.790019
2938 1 166.40170 51.030463
2939 1 160.92581 48.250887
2940 1 156.92255 44.785511
2941 1 154.31945 40.660889
2942 1 152.88987 36.313417
2943 1 152.68764 31.822888
2944 1 153.31304 27.366620
2945 1 154.76685 23.167875
2946 1 156.90413 19.125677
2947 1 159.70290 15.502685
2948 1 162.97705 12.353948
2949 1 166.75099 9.8455956
2950 1 170.88047 7.9149810
2951 1 175.24340 6.7240244
2952 1 179.68082 6.3168942
2953 1 184.22794 6.6110344
2954 1 188.57612 7.7093028
2955 1 192.76029 9.5466866
2956 1 196.57549 11.975132
2957 1 199.93751 15.016698
2958 1 202.78540 18.587597
2959 1 204.96647 22.633081
2960 1 203.41585 27.766704
2961 1 203.88413 32.228318
2962 1 203.33259 36.706949
2963 1 201.34736 40.927755
2964 1 198.02178 44.715548
2965 1 193.06937 47.717620
2966 1 186.97543 49.683535
2967 1 179.88915 50.353986
2968 1 173.09211 49.637944
2969 1 166.83864 47.752238
2970 1 162.04570 44.705046
2971 1 158.62942 40.965896
2972 1 156.74292 36.677861
2973 1 156.12818 32.213823
2974 1 156.65440 27.731096
2975 1 158.13636 23.450624
2976 1 160.39878 19.463540
2977 1 163.41615 15.941283
2978 1 167.08834 13.159207
2979 1 171.11636 11.015844
2980 1 175.46191 9.7116085
2981 1 180.05379 9.2804692
2982 1 184.57292 9.6864701
2983 1 188.94918 11.008563
2984 1 193.01968 13.154051
2985 1 196.62203 16.030025
2986 1 199.62999 19.465749
2987 1 201.93185 23.462669
2988 1 200.10951 28.590816
2989 1 200.38419 33.154778
2990 1 199.14034 37.577648
2991 1 196.29801 41.503782
2992 1 191.89823 44.656611
2993 1 186.15802 46.690918
2994 1 179.54590 47.367363
2995 1 173.08627 46.515532
2996 1 167.47660 44.267513
2997 1 163.27314 40.930057
2998 1 160.71973 36.897878
2999 1 159.67149 32.459434
3000 1 160.06313 28.029657
3001 1 161.53237 23.608408
3002 1 164.04870 19.777901
3003 1 167.40981 16.509357
3004 1 171.42001 14.189199
3005 1 175.77275 12.706630
3006 1 180.35000 12.259695
3007 1 184.99053 12.803928
3008 1 189.30558 14.402341
3009 1 193.15471 16.996781
3010 1 196.41037 20.398641
3011 1 198.75591 24.329351
3012 1 196.81626 29.356141
3013 1 196.52153 33.938241
3014 1 194.54529 38.187386
3015 1 190.73216 41.554349
3016 1 185.37199 43.805640
3017 1 179.06998 44.429518
3018 1 173.02656 43.308094
3019 1 167.96071 40.715038
3020 1 164.73711 36.965920
3021 1 163.24283 32.616697
3022 1 163.41814 28.054659
3023 1 165.07358 23.830625
3024 1 167.90267 20.155348
3025 1 171.68332 17.368414
3026 1 176.05845 15.685294
3027 1 180.72113 15.206281
3028 1 185.38196 16.002799
3029 1 189.55635 18.069627
3030 1 193.08049 21.106693
3031 1 195.62858 25.030680
3032 1 193.48756 30.115983
3033 1 192.67163 34.536081
3034 1 189.52736 38.385453
3035 1 184.66036 40.841525
3036 1 178.65107 41.416960
3037 1 173.05309 40.000524
3038 1 168.85545 36.861469
3039 1 166.83825 32.594996
3040 1 166.86637 28.152480
3041 1 168.64904 23.950842
3042 1 171.94739 20.653130
3043 1 176.29028 18.666788
3044 1 181.08709 18.188015
3045 1 185.73673 19.290445
3046 1 189.61505 21.945570
3047 1 192.34669 25.755950
3048 1 190.01593 30.709222
3049 1 188.36954 35.017548
3050 1 184.02965 37.841793
3051 1 178.33350 38.404566
3052 1 173.27313 36.460256
3053 1 170.36356 32.670288
3054 1 170.25824 28.142927
3055 1 172.55466 24.157301
3056 1 176.58569 21.663807
3057 1 181.48121 21.143455
3058 1 185.88829 22.844853
3059 1 189.07721 26.331321
3060 1 186.49791 31.221161
3061 1 183.46295 34.787277
3062 1 178.04247 35.328561
3063 1 174.08499 32.382678
3064 1 173.75355 28.074396
3065 1 176.94277 24.704130
3066 1 181.79524 24.280204
3067 1 185.63486 26.894946
3068 1 182.62583 31.515090
3069 1 177.97658 31.916800
3070 1 177.59624 28.103112
3071 1 181.91107 27.713091
