0 1 357.62310 -28.034659
1 1 2.1854596 -27.550224
2 1 2.5471410 -31.451760
3 1 357.80532 -31.953300
4 1 353.86940 -28.026030
5 1 356.93320 -24.773163
6 1 2.2929377 -24.299792
7 1 5.6527271 -26.845583
8 1 6.4774527 -31.247708
9 1 3.5851838 -34.777445
10 1 357.39653 -35.339002
11 1 354.05209 -32.463816
12 1 350.29142 -28.172214
13 1 352.49091 -24.008621
14 1 356.49034 -21.610078
15 1 2.2523789 -21.202643
16 1 5.8987960 -22.865257
17 1 9.0847881 -26.386054
18 1 10.019331 -30.668592
19 1 8.4727865 -35.049820
20 1 4.0814282 -37.816767
21 1 357.31950 -38.457805
22 1 353.29692 -36.495815
23 1 350.40476 -32.648013
24 1 346.86316 -28.144335
25 1 348.61833 -23.925361
26 1 351.91753 -20.583103
27 1 356.38102 -18.618192
28 1 2.2222754 -18.235040
29 1 5.7644217 -19.372604
30 1 9.6441775 -21.955787
31 1 12.359494 -25.603276
32 1 13.469417 -30.134110
33 1 12.741783 -34.525386
34 1 9.5645892 -38.410397
35 1 4.8069304 -40.822914
36 1 357.15667 -41.368825
37 1 353.00863 -39.941305
38 1 348.82611 -36.859011
39 1 346.73810 -32.663778
40 1 343.48444 -28.044057
41 1 345.05899 -23.818872
42 1 347.82213 -20.112232
43 1 351.64064 -17.314183
44 1 355.91384 -15.662710
45 1 2.1348284 -15.181540
46 1 5.2937499 -16.013328
47 1 9.6168407 -18.089988
48 1 13.046333 -21.109142
49 1 15.579162 -24.862579
50 1 16.893594 -29.458540
51 1 16.584742 -33.910208
52 1 14.572175 -38.143444
53 1 10.733803 -41.603417
54 1 5.3872177 -43.751304
55 1 356.97515 -44.323448
56 1 353.02013 -43.276452
57 1 348.13037 -40.656187
58 1 344.64881 -37.036336
59 1 343.29484 -32.607462
60 1 340.08830 -28.012049
61 1 341.54595 -23.579060
62 1 344.05306 -19.696799
63 1 347.31339 -16.545407
64 1 351.42050 -14.168698
65 1 355.75842 -12.754395
66 1 2.1855686 -12.249989
67 1 4.9997365 -12.801106
68 1 9.2797784 -14.412083
69 1 13.216547 -17.008590
70 1 16.460421 -20.260395
71 1 18.725519 -24.355487
72 1 20.086000 -28.589825
73 1 20.244930 -33.151605
74 1 19.130199 -37.576057
75 1 16.249070 -41.474845
76 1 11.847740 -44.710399
77 1 6.1079180 -46.702438
78 1 356.86734 -47.363063
79 1 353.04910 -46.516564
80 1 347.46723 -44.252483
81 1 343.21807 -40.939341
82 1 340.70619 -36.842676
83 1 339.70789 -32.479853
84 1 336.65525 -27.811334
85 1 338.09904 -23.259988
86 1 340.40969 -19.437388
87 1 343.48417 -16.007971
88 1 347.00582 -13.121402
89 1 351.05074 -11.006955
90 1 355.53717 -9.6197696
91 1 2.0372237 -9.2716909
92 1 4.6183136 -9.6834115
93 1 9.0345709 -10.949329
94 1 13.060282 -13.125240
95 1 16.628420 -16.046916
96 1 19.664860 -19.442362
97 1 21.927519 -23.465478
98 1 23.392475 -27.786537
99 1 23.852579 -32.265963
100 1 23.234969 -36.765281
101 1 21.330067 -40.964290
102 1 17.969369 -44.618944
103 1 13.129081 -47.731346
104 1 6.8926863 -49.605707
105 1 356.65206 -50.364699
106 1 353.14364 -49.614960
107 1 346.81404 -47.797772
108 1 342.10162 -44.691020
109 1 338.61496 -40.936158
110 1 336.85641 -36.588998
111 1 336.15526 -32.187998
112 1 333.29138 -27.405793
113 1 334.75445 -23.028571
114 1 336.90263 -19.123458
115 1 339.76681 -15.446900
116 1 342.91154 -12.399098
117 1 346.72464 -9.7886777
118 1 350.77762 -7.9066929
119 1 355.20094 -6.6840883
120 1 357.82393 -6.2643984
121 1 4.0875254 -6.6231613
122 1 8.6339035 -7.6921522
123 1 12.689572 -9.4862940
124 1 16.561500 -12.021195
125 1 19.949515 -15.025126
126 1 22.757582 -18.582988
127 1 24.992446 -22.650298
128 1 26.617682 -26.820680
129 1 27.387731 -31.295266
130 1 27.243981 -35.817814
131 1 26.101845 -40.172506
132 1 23.475130 -44.201403
133 1 19.932891 -47.842861
134 1 14.538914 -50.699942
135 1 8.1043226 -52.578710
136 1 3.4624369 -53.264635
137 1 352.98369 -52.779723
138 1 346.31516 -51.092296
139 1 340.94430 -48.244377
140 1 336.93097 -44.776315
141 1 334.34168 -40.658603
142 1 332.91027 -36.288997
143 1 332.68934 -31.835584
144 1 329.99053 -26.940283
145 1 331.34733 -22.782092
146 1 333.42545 -18.680360
147 1 336.04490 -15.042736
148 1 339.12766 -11.732377
149 1 342.59716 -8.8084144
150 1 346.53211 -6.5640448
151 1 350.56882 -4.7634014
152 1 354.93579 -3.7018792
153 1 357.87532 -3.2547360
154 1 3.8845156 -3.5236984
155 1 8.2276703 -4.3951023
156 1 12.529276 -6.0122614
157 1 16.416722 -8.1612693
158 1 20.001966 -10.802867
159 1 23.146366 -14.147536
160 1 25.858945 -17.696315
161 1 28.169933 -21.531624
162 1 29.655190 -25.778525
163 1 30.780182 -30.135568
164 1 30.948295 -34.661387
165 1 30.433156 -39.147727
166 1 28.825256 -43.342248
167 1 25.881518 -47.340421
168 1 21.704165 -50.846708
169 1 15.906424 -53.628311
170 1 9.2076852 -55.577494
171 1 3.6881163 -56.306290
172 1 353.23446 -55.903498
173 1 345.86595 -54.300454
174 1 339.72270 -51.782919
175 1 335.16812 -48.376814
176 1 331.98538 -44.532328
177 1 330.05734 -40.313811
178 1 329.19227 -35.853610
179 1 329.12032 -31.442642
180 1 326.58127 -26.428017
181 1 328.17601 -22.367858
182 1 330.09765 -18.240206
183 1 332.60763 -14.529331
184 1 335.43296 -11.044559
185 1 338.74966 -8.0334032
186 1 342.29451 -5.4788420
187 1 346.27093 -3.3513790
188 1 350.35821 -1.7368186
189 1 354.65764 -0.68262646
190 1 357.93260 -0.29505980
191 1 3.5490384 -0.47527691
192 1 7.9083805 -1.2031948
193 1 12.167687 -2.5841148
194 1 16.127411 -4.4851977
195 1 19.893470 -6.8665401
196 1 23.245782 -9.7178736
197 1 26.330123 -13.109004
198 1 28.913910 -16.732069
199 1 31.227711 -20.471495
200 1 32.886313 -24.732516
201 1 34.027556 -29.059912
202 1 34.594394 -33.464558
203 1 34.491782 -37.870251
204 1 33.534225 -42.262069
205 1 31.439481 -46.399406
206 1 28.257032 -50.350026
207 1 23.742480 -53.802755
208 1 17.685560 -56.587858
209 1 10.429602 -58.575608
210 1 3.9977956 -59.259767
211 1 353.21853 -59.027565
212 1 345.11799 -57.532445
213 1 338.58853 -55.068807
214 1 333.35910 -51.893869
215 1 329.58475 -48.306273
216 1 327.29433 -44.033551
217 1 325.90811 -39.722687
218 1 325.34690 -35.372684
219 1 325.65228 -30.902305
220 1 323.20843 -25.858611
221 1 324.88530 -21.829433
222 1 326.73622 -17.842386
223 1 329.12930 -13.970927
224 1 331.86028 -10.519367
225 1 335.01175 -7.2956729
226 1 338.30832 -4.4850477
227 1 341.97872 -2.0183079
228 1 346.00844 -0.19616796
229 1 350.07607 1.3487634
230 1 354.36749 2.3486040
231 1 357.94865 2.7729572
232 1 3.2175711 2.5773472
233 1 7.4691561 1.9344604
234 1 11.670739 0.81602890
235 1 15.950041 -0.90398140
236 1 19.717538 -3.0777277
237 1 23.205193 -5.6287228
238 1 26.463134 -8.5772008
239 1 29.415201 -12.053109
240 1 32.078854 -15.585804
241 1 34.307817 -19.485675
242 1 36.043887 -23.595062
243 1 37.305617 -27.810298
244 1 38.202405 -32.168192
245 1 38.292879 -36.548919
246 1 37.998133 -40.995296
247 1 36.783262 -45.266209
248 1 34.523552 -49.384064
249 1 31.225357 -53.217334
250 1 26.261823 -56.701062
251 1 19.849977 -59.453422
252 1 11.858137 -61.403724
253 1 4.3953683 -62.285937
254 1 353.41291 -62.052496
255 1 344.38423 -60.759165
256 1 337.33143 -58.312962
257 1 331.48030 -55.329820
258 1 327.29403 -51.556503
259 1 324.50317 -47.662087
260 1 322.63234 -43.374023
261 1 321.80217 -39.004643
262 1 321.64136 -34.631375
263 1 322.16759 -30.271299
264 1 320.00830 -25.356764
265 1 321.50128 -21.174196
266 1 323.45213 -17.197511
267 1 325.73525 -13.399566
268 1 328.33761 -9.8156914
269 1 331.23946 -6.6240793
270 1 334.42058 -3.6042992
271 1 337.98519 -0.96557417
272 1 341.69056 1.2143330
273 1 345.74753 3.0115093
274 1 349.80930 4.3838233
275 1 354.09228 5.3381139
276 1 357.92911 5.7736386
277 1 2.8644881 5.7195205
278 1 7.2142020 5.1912975
279 1 11.510138 4.1366148
280 1 15.599729 2.5466465
281 1 19.518574 0.58046220
282 1 23.134164 -1.7579643
283 1 26.624674 -4.4780647
284 1 29.666128 -7.5635924
285 1 32.523222 -10.917370
286 1 35.058134 -14.477922
287 1 37.149592 -18.416121
288 1 39.029315 -22.362227
289 1 40.455840 -26.516281
290 1 41.614874 -30.758105
291 1 42.130435 -35.238695
292 1 42.137146 -39.522876
293 1 41.614344 -43.820423
294 1 40.157808 -48.067870
295 1 37.830247 -52.203842
296 1 34.321335 -55.928549
297 1 29.056534 -59.465519
298 1 22.612433 -62.348763
299 1 13.815557 -64.368448
300 1 4.8817203 -65.341281
301 1 353.12338 -65.231918
302 1 343.36625 -63.881404
303 1 335.46423 -61.596821
304 1 329.15684 -58.538988
305 1 324.50822 -55.016371
306 1 321.43262 -50.988742
307 1 319.27066 -46.880590
308 1 318.27639 -42.525023
309 1 317.86952 -38.243529
310 1 318.04762 -33.796773
311 1 318.78062 -29.502289
312 1 316.55636 -24.504584
313 1 318.13511 -20.403675
314 1 320.21283 -16.461803
315 1 322.39827 -12.807615
316 1 324.92491 -9.2826784
317 1 327.59882 -5.8285038
318 1 330.73676 -2.8382978
319 1 333.96883 -0.039440475
320 1 337.62154 2.4635456
321 1 341.36904 4.5243088
322 1 345.32098 6.2725312
323 1 349.50264 7.5663222
324 1 353.75406 8.4823486
325 1 357.97280 8.9364039
326 1 2.4884594 8.8623103
327 1 6.9797073 8.3248765
328 1 11.144183 7.4249256
329 1 15.354824 6.0188431
330 1 19.274136 4.2117176
331 1 23.089306 2.1240446
332 1 26.537580 -0.43628775
333 1 29.820405 -3.2955490
334 1 32.863138 -6.2676582
335 1 35.558751 -9.7392526
336 1 38.052950 -13.323628
337 1 40.198944 -17.176199
338 1 42.125681 -21.132268
339 1 43.673232 -25.245664
340 1 44.854354 -29.431774
341 1 45.645357 -33.657580
342 1 46.018658 -37.937740
343 1 46.009206 -42.316426
344 1 45.461376 -46.566424
345 1 43.962369 -50.785185
346 1 41.576313 -54.891621
347 1 37.905855 -58.740966
348 1 32.738481 -62.170913
349 1 25.482281 -65.084685
350 1 16.275978 -67.324295
351 1 5.5245814 -68.418564
352 1 353.45829 -68.235905
353 1 342.29490 -67.050273
354 1 333.33996 -64.700224
355 1 326.64548 -61.711323
356 1 321.41771 -58.204721
357 1 317.86869 -54.311132
358 1 315.79353 -50.185725
359 1 314.48172 -45.897338
360 1 313.89665 -41.592567
361 1 314.03132 -37.280056
362 1 314.39256 -32.991175
363 1 315.39316 -28.737649
364 1 313.25445 -23.662921
365 1 314.96115 -19.703935
366 1 316.87974 -15.863531
367 1 319.03045 -12.064362
368 1 321.49966 -8.5571883
369 1 324.06567 -5.1754607
370 1 327.01750 -2.0119750
371 1 330.17332 0.88950232
372 1 333.62745 3.5615135
373 1 337.20060 5.8000147
374 1 341.09709 7.8650232
375 1 345.07389 9.5125781
376 1 349.15070 10.780664
377 1 353.58413 11.534488
378 1 357.91398 12.074765
379 1 2.2383101 11.948239
380 1 6.6563262 11.519162
381 1 10.897074 10.728682
382 1 15.030909 9.4606827
383 1 19.103647 7.8423504
384 1 22.907230 5.8453419
385 1 26.488203 3.5492014
386 1 29.876256 0.90627886
387 1 33.020659 -2.0509707
388 1 35.955115 -5.1851225
389 1 38.599774 -8.5076078
390 1 40.992219 -12.230191
391 1 43.108579 -15.874460
392 1 45.089833 -19.782909
393 1 46.677223 -23.692566
394 1 48.101346 -27.842779
395 1 49.180277 -32.063215
396 1 49.995033 -36.315462
397 1 50.194868 -40.580294
398 1 50.230292 -44.836296
399 1 49.435915 -49.147306
400 1 48.028893 -53.342859
401 1 45.687474 -57.388653
402 1 42.075197 -61.260658
403 1 37.103876 -64.857490
404 1 29.317262 -67.865036
405 1 19.143575 -70.162245
406 1 6.6778656 -71.488354
407 1 353.11648 -71.503010
408 1 340.25910 -70.190447
409 1 330.35741 -67.859791
410 1 323.13862 -64.846215
411 1 317.66203 -61.269034
412 1 314.27696 -57.379384
413 1 312.00437 -53.303390
414 1 310.63384 -49.048451
415 1 309.87376 -44.873801
416 1 309.79163 -40.521870
417 1 310.11532 -36.227931
418 1 310.91977 -32.008080
419 1 312.00427 -27.725320
420 1 310.05471 -22.741056
421 1 311.81923 -18.838228
422 1 313.60591 -14.928506
423 1 315.81788 -11.405209
424 1 318.09581 -7.7721886
425 1 320.64102 -4.4008267
426 1 323.40673 -1.1118122
427 1 326.46827 1.7990291
428 1 329.69622 4.6410486
429 1 333.07438 7.1057845
430 1 336.83562 9.1951847
431 1 340.58644 11.149870
432 1 344.65370 12.672768
433 1 348.96563 13.852747
434 1 353.18646 14.628871
435 1 357.62031 15.151254
436 1 2.0012496 15.118566
437 1 6.4319603 14.804376
438 1 10.667653 14.072604
439 1 14.742061 12.821640
440 1 18.871423 11.387864
441 1 22.807721 9.4447373
442 1 26.471899 7.3819743
443 1 29.928420 4.9079063
444 1 33.217283 2.1942264
445 1 36.159688 -0.87412552
446 1 39.002437 -4.0106933
447 1 41.612940 -7.3803079
448 1 43.964064 -11.005864
449 1 46.095644 -14.465048
450 1 48.167947 -18.395437
451 1 49.786795 -22.271888
452 1 51.390968 -26.343339
453 1 52.527741 -30.397760
454 1 53.537600 -34.556986
455 1 54.301560 -38.751459
456 1 54.558487 -42.969535
457 1 54.535006 -47.267446
458 1 53.982124 -51.467815
459 1 52.716705 -55.655588
460 1 50.629933 -59.706185
461 1 47.237261 -63.633838
462 1 42.129698 -67.263098
463 1 34.459102 -70.517191
464 1 23.417197 -73.048820
465 1 9.0130021 -74.606512
466 1 352.54287 -74.554081
467 1 338.04695 -73.290042
468 1 326.79692 -70.857078
469 1 318.81074 -67.753213
470 1 313.43487 -64.096927
471 1 309.96853 -60.309250
472 1 307.57722 -56.180029
473 1 306.30072 -51.984850
474 1 305.51467 -47.815481
475 1 305.44496 -43.579809
476 1 305.77333 -39.306285
477 1 306.29505 -35.076767
478 1 307.37901 -30.946830
479 1 308.59372 -26.891533
480 1 306.72792 -22.157512
481 1 308.41149 -18.083182
482 1 310.40937 -14.307007
483 1 312.36019 -10.621999
484 1 314.72337 -7.1154236
485 1 317.23006 -3.6959891
486 1 319.91414 -0.41033714
487 1 322.86609 2.5937920
488 1 325.92135 5.5000461
489 1 329.18138 8.2015538
490 1 332.77527 10.513387
491 1 336.47255 12.641888
492 1 340.34619 14.454715
493 1 344.51242 15.918348
494 1 348.79239 17.110026
495 1 353.14744 17.984695
496 1 356.85333 18.314355
497 1 1.7218110 18.329366
498 1 5.8212226 18.042959
499 1 10.088112 17.314172
500 1 14.443378 16.235396
501 1 18.668411 14.914096
502 1 22.533238 13.061431
503 1 26.360758 11.130639
504 1 29.895204 8.8053833
505 1 33.281411 6.1964305
506 1 36.584744 3.4269331
507 1 39.448566 0.34537229
508 1 42.184935 -2.8031215
509 1 44.694819 -6.2572589
510 1 46.995521 -9.7516208
511 1 49.169439 -13.358683
512 1 51.038686 -16.556983
513 1 52.763213 -20.387738
514 1 54.351548 -24.378717
515 1 55.839511 -28.506608
516 1 57.017549 -32.509158
517 1 57.889202 -36.735858
518 1 58.687558 -40.924218
519 1 59.109048 -45.199196
520 1 59.192655 -49.402400
521 1 58.899912 -53.666493
522 1 57.880955 -57.890377
523 1 56.046122 -61.947680
524 1 53.215086 -66.008777
525 1 48.225392 -69.789126
526 1 40.745501 -73.250432
527 1 28.886326 -75.922661
528 1 14.824805 -77.588494
529 1 352.45763 -77.832165
530 1 335.57049 -76.576016
531 1 321.97361 -73.999115
532 1 313.35736 -70.675990
533 1 307.87490 -66.976965
534 1 304.72211 -62.943308
535 1 302.59496 -58.868436
536 1 301.42077 -54.696384
537 1 300.92920 -50.473875
538 1 300.82673 -46.159391
539 1 301.14676 -41.939733
540 1 301.78135 -37.739219
541 1 302.81254 -33.552977
542 1 303.89053 -29.427598
543 1 305.22587 -25.321610
544 1 302.83199 -22.672595
545 1 304.54767 -18.587658
546 1 306.43353 -14.627083
547 1 308.62739 -10.740516
548 1 310.99912 -7.0114111
549 1 313.45166 -3.3416700
550 1 316.18329 0.018856441
551 1 319.07040 3.3146063
552 1 322.25398 6.4326736
553 1 325.50027 9.2697486
554 1 328.98373 11.921129
555 1 332.94521 14.265607
556 1 336.85316 16.395919
557 1 341.17889 18.212506
558 1 345.52581 19.549154
559 1 350.01374 20.533551
560 1 354.67092 21.258217
561 1 358.63489 21.524533
562 1 4.0943893 21.401075
563 1 8.7584760 20.757160
564 1 13.270894 19.860331
565 1 17.762966 18.548564
566 1 22.090129 16.916770
567 1 26.139789 14.899695
568 1 29.911848 12.562502
569 1 33.564924 10.020733
570 1 37.003516 7.2155259
571 1 40.112480 4.1784117
572 1 43.077228 0.87087165
573 1 45.822932 -2.5542386
574 1 48.460226 -6.0480542
575 1 50.803005 -9.7522303
576 1 53.000937 -13.610198
577 1 55.006789 -17.592178
578 1 56.798955 -21.607234
579 1 58.466567 -25.728462
580 1 59.981377 -29.969562
581 1 61.226996 -34.156663
582 1 62.339686 -38.510197
583 1 63.165882 -42.786396
584 1 63.746665 -47.163416
585 1 64.159355 -51.509951
586 1 63.889224 -55.878283
587 1 63.237680 -60.298242
588 1 61.719141 -64.616482
589 1 58.910076 -68.845196
590 1 53.906898 -72.925625
591 1 45.194517 -76.691443
592 1 28.837844 -79.632962
593 1 8.3024287 -81.021981
594 1 337.08651 -80.168597
595 1 318.65703 -77.509900
596 1 308.06692 -73.954754
597 1 302.32520 -69.903059
598 1 298.92635 -65.766987
599 1 297.19393 -61.435152
600 1 296.29168 -57.092049
601 1 295.93279 -52.801561
602 1 296.06578 -48.353797
603 1 296.64949 -43.960198
604 1 297.47076 -39.617487
605 1 298.57202 -35.332803
606 1 299.73682 -31.064146
607 1 301.10627 -26.795814
608 1 300.80996 -19.580847
609 1 302.69830 -15.346305
610 1 304.88460 -11.292249
611 1 307.13796 -7.4321323
612 1 309.71270 -3.5389132
613 1 312.36145 0.12495524
614 1 315.37442 3.6715228
615 1 318.50158 6.9635019
616 1 321.86611 10.207095
617 1 325.42339 12.967297
618 1 329.29717 15.677529
619 1 333.38586 17.996138
620 1 337.68292 20.036928
621 1 342.21080 21.700236
622 1 346.93861 23.028762
623 1 351.85952 23.907603
624 1 356.84139 24.443752
625 1 1.9584967 24.463148
626 1 6.8504691 24.078209
627 1 11.739448 23.300945
628 1 16.537370 22.052435
629 1 21.124750 20.578442
630 1 25.514891 18.556703
631 1 29.614980 16.319535
632 1 33.567168 13.769369
633 1 37.240891 10.896879
634 1 40.745474 7.8233482
635 1 43.920850 4.6171596
636 1 46.861799 1.1556936
637 1 49.582036 -2.5602903
638 1 52.233573 -6.3349962
639 1 54.613456 -10.200729
640 1 56.730214 -14.240718
641 1 58.844799 -18.386786
642 1 60.740706 -22.568943
643 1 62.487783 -26.844480
644 1 63.928963 -31.240364
645 1 65.484307 -35.647439
646 1 66.672701 -40.145917
647 1 67.775467 -44.565011
648 1 68.549666 -49.108802
649 1 69.081818 -53.602975
650 1 69.421312 -58.231091
651 1 69.275356 -62.787849
652 1 68.267325 -67.342469
653 1 65.894807 -71.815282
654 1 60.727348 -76.136585
655 1 50.080012 -80.166044
656 1 26.559520 -83.320461
657 1 343.94710 -83.745432
658 1 314.12512 -81.178528
659 1 301.19261 -77.340278
660 1 295.15923 -73.055205
661 1 292.51013 -68.511694
662 1 291.14058 -63.957834
663 1 290.80898 -59.447898
664 1 290.84213 -54.899595
665 1 291.29508 -50.383291
666 1 292.08141 -45.828340
667 1 293.05816 -41.360251
668 1 294.28097 -36.862158
669 1 295.68923 -32.413002
670 1 297.26599 -28.081505
671 1 298.88088 -23.749244
672 1 296.89725 -20.512569
673 1 299.01539 -16.236550
674 1 301.08959 -11.991225
675 1 303.37618 -7.8139851
676 1 305.99966 -3.8217362
677 1 308.71688 -0.0066702425
678 1 311.62168 3.8401403
679 1 314.71961 7.2888793
680 1 318.08531 10.674653
681 1 321.70250 13.850343
682 1 325.54768 16.813378
683 1 329.78275 19.396303
684 1 334.13045 21.615097
685 1 338.76144 23.712167
686 1 343.76100 25.170584
687 1 348.83535 26.300242
688 1 354.00994 27.092454
689 1 358.47084 27.359974
690 1 4.6352399 27.280431
691 1 9.8614720 26.579788
692 1 15.000162 25.562634
693 1 19.897443 24.131349
694 1 24.673171 22.181336
695 1 29.138943 20.069838
696 1 33.367879 17.440923
697 1 37.342611 14.693859
698 1 41.071624 11.595933
699 1 44.400117 8.2299553
700 1 47.576337 4.7392533
701 1 50.641669 1.1047914
702 1 53.286773 -2.8159720
703 1 55.875684 -6.7249469
704 1 58.239546 -10.886563
705 1 60.523510 -15.012533
706 1 62.608480 -19.339391
707 1 64.655907 -23.707003
708 1 66.347742 -28.176957
709 1 67.979798 -32.633807
710 1 69.570858 -37.224853
711 1 70.985721 -41.801816
712 1 72.305837 -46.442008
713 1 73.572143 -51.063733
714 1 74.565088 -55.784025
715 1 75.118395 -60.496674
716 1 75.617672 -65.186605
717 1 75.433177 -69.889072
718 1 74.289040 -74.555588
719 1 70.451943 -79.220926
720 1 60.404435 -83.697266
721 1 29.351978 -86.654650
722 1 307.42791 -84.681870
723 1 291.07330 -80.425824
724 1 286.53010 -75.850625
725 1 284.88083 -71.142092
726 1 284.51724 -66.455297
727 1 284.67873 -61.731847
728 1 285.38443 -57.111208
729 1 286.23618 -52.309665
730 1 287.44800 -47.716368
731 1 288.72357 -43.009307
732 1 290.00055 -38.499311
733 1 291.64969 -33.797366
734 1 293.21438 -29.355448
735 1 294.92609 -24.905940
736 1 295.29193 -17.196706
737 1 297.50349 -12.836604
738 1 299.90116 -8.4740495
739 1 302.37044 -4.3575810
740 1 305.08386 -0.31546314
741 1 307.90317 3.6638041
742 1 311.00817 7.4323099
743 1 314.28386 11.036873
744 1 317.95902 14.379190
745 1 321.84560 17.429888
746 1 326.08553 20.435456
747 1 330.33440 23.018768
748 1 335.19789 25.263399
749 1 340.23562 27.081761
750 1 345.36940 28.540437
751 1 350.78365 29.572141
752 1 356.44216 30.121452
753 1 2.1396756 30.106687
754 1 7.6722635 29.732695
755 1 13.226054 28.874977
756 1 18.442068 27.494446
757 1 23.627753 25.760060
758 1 28.371847 23.612803
759 1 33.000439 21.066666
760 1 37.155110 18.266288
761 1 41.061983 15.257363
762 1 44.782637 11.929714
763 1 48.224595 8.3445284
764 1 51.281038 4.7214381
765 1 54.195206 0.77597078
766 1 56.917174 -3.2859585
767 1 59.601014 -7.3745739
768 1 62.057462 -11.708844
769 1 64.167918 -16.069854
770 1 66.371120 -20.436106
771 1 68.326711 -24.960313
772 1 70.258919 -29.495299
773 1 72.160401 -34.029556
774 1 73.859839 -38.836422
775 1 75.511952 -43.455103
776 1 77.051677 -48.247999
777 1 78.639769 -53.012628
778 1 80.104241 -57.790394
779 1 81.628589 -62.562339
780 1 82.906786 -67.399439
781 1 84.283791 -72.220891
782 1 85.433446 -77.024393
783 1 86.352671 -81.945657
784 1 85.750215 -86.517946
785 1 275.55600 -87.744402
786 1 273.90640 -83.205143
787 1 274.36341 -78.381260
788 1 275.46621 -73.509233
789 1 276.75169 -68.682454
790 1 278.14962 -63.885208
791 1 279.46719 -59.108502
792 1 281.01231 -54.302118
793 1 282.52365 -49.496025
794 1 284.21870 -44.793882
795 1 285.76623 -40.050056
796 1 287.57978 -35.385048
797 1 289.27916 -30.686046
798 1 291.10249 -26.165851
799 1 293.20789 -21.649950
800 1 291.54432 -18.192256
801 1 293.83440 -13.801079
802 1 296.21845 -9.3861475
803 1 298.75929 -4.9816051
804 1 301.29870 -0.82986760
805 1 304.22792 3.2176035
806 1 307.31035 7.2280405
807 1 310.60718 11.088021
808 1 314.18998 14.699916
809 1 317.97065 17.983697
810 1 322.18162 21.178642
811 1 326.64456 24.050019
812 1 331.35556 26.494408
813 1 336.49873 28.643139
814 1 341.85079 30.471961
815 1 347.49188 31.780085
816 1 353.30567 32.547223
817 1 358.38097 32.874244
818 1 5.1480031 32.664108
819 1 10.994424 32.025142
820 1 16.675958 30.855143
821 1 22.195343 29.339708
822 1 27.461170 27.204261
823 1 32.257265 24.803950
824 1 36.741643 22.040475
825 1 40.957617 18.909228
826 1 44.933004 15.616590
827 1 48.529957 12.024697
828 1 51.877465 8.3452882
829 1 54.964313 4.3815933
830 1 57.926809 0.30751667
831 1 60.702802 -3.9311059
832 1 63.231757 -8.2020301
833 1 65.643957 -12.587754
834 1 67.894221 -17.002525
835 1 70.003424 -21.518632
836 1 72.171154 -26.153604
837 1 74.233934 -30.864487
838 1 76.093831 -35.636914
839 1 78.133644 -40.369521
840 1 80.024053 -45.153438
841 1 82.022630 -49.963971
842 1 84.038260 -54.847399
843 1 86.321701 -59.662788
844 1 88.633281 -64.521429
845 1 91.287108 -69.412462
846 1 95.226073 -74.257364
847 1 100.32349 -79.127300
848 1 112.22099 -83.709611
849 1 164.68033 -87.080489
850 1 240.36954 -84.947289
851 1 257.24594 -80.298661
852 1 263.94489 -75.659374
853 1 267.70467 -70.742295
854 1 270.96522 -65.885909
855 1 273.27326 -60.973794
856 1 275.40225 -56.155954
857 1 277.42873 -51.287303
858 1 279.37713 -46.459147
859 1 281.31429 -41.651579
860 1 283.26447 -36.848461
861 1 285.35349 -32.164594
862 1 287.32791 -27.519950
863 1 289.40926 -22.806009
864 1 290.14767 -14.889209
865 1 292.60006 -10.339516
866 1 295.08893 -5.7985580
867 1 297.76958 -1.5279111
868 1 300.58886 2.8748456
869 1 303.66208 6.9434462
870 1 306.91073 10.910319
871 1 310.34344 14.666217
872 1 314.13450 18.331987
873 1 318.21881 21.758897
874 1 322.54753 24.768985
875 1 327.40357 27.690329
876 1 332.50302 30.092234
877 1 338.08460 32.114218
878 1 343.86265 33.769529
879 1 349.90334 34.803049
880 1 356.07886 35.368886
881 1 2.4779816 35.515993
882 1 8.6347284 35.071648
883 1 14.709844 34.066123
884 1 20.469480 32.602549
885 1 26.085165 30.613445
886 1 31.299051 28.314470
887 1 36.280644 25.575969
888 1 40.735922 22.558244
889 1 44.793937 19.260187
890 1 48.687193 15.708584
891 1 52.179654 11.978352
892 1 55.613910 8.0890558
893 1 58.630004 3.9362596
894 1 61.575173 -0.27262193
895 1 64.293205 -4.6229355
896 1 66.745250 -9.1064586
897 1 69.171877 -13.636138
898 1 71.497680 -18.221547
899 1 73.664454 -22.940701
900 1 75.903139 -27.586096
901 1 78.199687 -32.306762
902 1 80.327298 -37.172464
903 1 82.506642 -41.960151
904 1 84.705724 -46.797505
905 1 87.172018 -51.688749
906 1 89.794064 -56.504500
907 1 92.656368 -61.403148
908 1 96.351034 -66.308183
909 1 101.16139 -71.077567
910 1 107.96805 -75.782702
911 1 119.94541 -80.229781
912 1 147.82488 -83.906625
913 1 199.87130 -84.437156
914 1 234.95617 -81.415810
915 1 249.64224 -77.034070
916 1 257.46695 -72.331384
917 1 262.65131 -67.489563
918 1 266.37226 -62.723722
919 1 269.48990 -57.868155
920 1 272.20075 -52.983447
921 1 274.68430 -48.120716
922 1 276.95673 -43.256007
923 1 279.15622 -38.358926
924 1 281.29096 -33.559120
925 1 283.39406 -28.900399
926 1 285.68309 -24.049708
927 1 287.90884 -19.478083
928 1 286.53755 -16.017541
929 1 289.06954 -11.378727
930 1 291.55355 -6.8161164
931 1 294.17665 -2.3207893
932 1 297.01379 2.0547332
933 1 300.02823 6.4783919
934 1 303.12653 10.600767
935 1 306.63537 14.501547
936 1 310.27219 18.439293
937 1 314.34330 22.033350
938 1 318.64985 25.425134
939 1 323.29008 28.429309
940 1 328.46630 31.199043
941 1 333.96952 33.552379
942 1 339.85900 35.516784
943 1 345.97995 36.877286
944 1 352.48368 37.865614
945 1 358.16327 38.165272
946 1 5.7187103 37.933131
947 1 12.286730 37.253945
948 1 18.446255 35.911895
949 1 24.603330 34.052290
950 1 30.111626 31.880273
951 1 35.387156 29.198426
952 1 40.219320 26.199716
953 1 44.657925 22.984637
954 1 48.750710 19.342521
955 1 52.518531 15.656109
956 1 55.911013 11.632256
957 1 59.240856 7.5573883
958 1 62.259580 3.2584270
959 1 65.062690 -1.0495896
960 1 67.811749 -5.6457555
961 1 70.325552 -10.119300
962 1 72.864841 -14.784918
963 1 75.238950 -19.422183
964 1 77.513960 -24.153132
965 1 79.793667 -29.000143
966 1 82.244721 -33.763147
967 1 84.566607 -38.637841
968 1 87.021833 -43.449846
969 1 89.679589 -48.432541
970 1 92.774921 -53.264725
971 1 95.907255 -58.090305
972 1 99.810051 -62.924596
973 1 104.95348 -67.651725
974 1 112.27748 -72.326583
975 1 123.07671 -76.689241
976 1 141.63237 -80.198105
977 1 174.92746 -82.075637
978 1 210.58223 -81.038610
979 1 232.86285 -77.770090
980 1 245.36430 -73.582556
981 1 253.49370 -69.030641
982 1 258.79389 -64.187886
983 1 263.19294 -59.521341
984 1 266.52241 -54.588835
985 1 269.66924 -49.658164
986 1 272.32750 -44.747284
987 1 274.88028 -39.929337
988 1 277.22738 -35.086633
989 1 279.52555 -30.286582
990 1 281.94023 -25.514381
991 1 284.22688 -20.699071
992 1 285.48561 -12.496805
993 1 288.03134 -7.8863392
994 1 290.64188 -3.2203551
995 1 293.46635 1.2120521
996 1 296.42116 5.7867741
997 1 299.47395 10.039126
998 1 302.72492 14.219868
999 1 306.43033 18.182130
1000 1 310.31269 22.034673
1001 1 314.59171 25.638197
1002 1 319.21512 28.951168
1003 1 324.31045 31.929592
1004 1 329.64976 34.688643
1005 1 335.72134 36.943099
1006 1 342.11165 38.747618
1007 1 348.68488 39.901992
1008 1 355.57795 40.596093
1009 1 2.7617367 40.664560
1010 1 9.4827972 40.132895
1011 1 16.337453 39.064598
1012 1 22.663548 37.399394
1013 1 28.628792 35.267765
1014 1 34.363963 32.773661
1015 1 39.561804 29.775836
1016 1 44.266225 26.582012
1017 1 48.666939 23.107669
1018 1 52.639696 19.331244
1019 1 56.280049 15.253280
1020 1 59.633833 11.114033
1021 1 62.793261 6.9027452
1022 1 65.815968 2.5026031
1023 1 68.649134 -2.0052584
1024 1 71.353273 -6.5815817
1025 1 73.964314 -11.229493
1026 1 76.474697 -15.980589
1027 1 78.797165 -20.636612
1028 1 81.320700 -25.537274
1029 1 83.754040 -30.345833
1030 1 86.250591 -35.264088
1031 1 88.899028 -40.177651
1032 1 91.796724 -45.087119
1033 1 94.829823 -49.804548
1034 1 98.253162 -54.728944
1035 1 102.51407 -59.435518
1036 1 107.62107 -64.238296
1037 1 114.37421 -68.711003
1038 1 124.03057 -73.030748
1039 1 139.00027 -76.632703
1040 1 161.52163 -79.115910
1041 1 190.60830 -79.376272
1042 1 215.74387 -77.498263
1043 1 232.52098 -74.043300
1044 1 243.21353 -69.979711
1045 1 250.77963 -65.446980
1046 1 256.24440 -60.791929
1047 1 260.72849 -56.032208
1048 1 264.32484 -51.162388
1049 1 267.51815 -46.244526
1050 1 270.35362 -41.353887
1051 1 273.05747 -36.585779
1052 1 275.64275 -31.672920
1053 1 278.04342 -26.812665
1054 1 280.58019 -21.962849
1055 1 282.98685 -17.277924
1056 1 281.84971 -13.819942
1057 1 284.55384 -9.0307535
1058 1 287.12853 -4.2746111
1059 1 289.92080 0.37921660
1060 1 292.70746 4.9283310
1061 1 295.82987 9.3888035
1062 1 299.09398 13.745247
1063 1 302.58054 17.855396
1064 1 306.43248 21.888125
1065 1 310.57260 25.684338
1066 1 315.01894 29.315691
1067 1 319.96680 32.587609
1068 1 325.38430 35.612828
1069 1 331.39097 38.135874
1070 1 337.68859 40.221886
1071 1 344.43738 41.831146
1072 1 351.83436 42.804274
1073 1 357.92034 43.201961
1074 1 6.4679444 42.952587
1075 1 13.635847 42.111358
1076 1 20.569575 40.717735
1077 1 27.107806 38.679376
1078 1 33.221358 36.329649
1079 1 38.566426 33.381578
1080 1 43.719322 30.228494
1081 1 48.340607 26.634404
1082 1 52.603000 22.932670
1083 1 56.501116 18.973316
1084 1 59.968668 14.828725
1085 1 63.382285 10.528635
1086 1 66.518879 6.0511439
1087 1 69.351255 1.6501112
1088 1 72.142606 -3.0355353
1089 1 74.916051 -7.7114588
1090 1 77.423261 -12.400528
1091 1 79.984741 -17.233657
1092 1 82.575555 -22.042721
1093 1 85.042432 -26.908088
1094 1 87.674080 -31.822664
1095 1 90.410191 -36.667505
1096 1 93.415415 -41.455864
1097 1 96.607148 -46.401247
1098 1 100.06982 -51.185344
1099 1 104.33606 -55.953793
1100 1 109.62460 -60.629546
1101 1 116.07754 -65.120522
1102 1 124.78993 -69.259171
1103 1 136.76779 -73.021146
1104 1 154.02204 -75.773143
1105 1 176.61343 -77.061617
1106 1 200.41902 -76.364509
1107 1 219.25460 -73.913636
1108 1 232.55246 -70.362743
1109 1 242.09267 -66.342769
1110 1 248.89157 -61.813104
1111 1 254.31832 -57.212409
1112 1 258.87450 -52.538789
1113 1 262.46468 -47.637376
1114 1 265.83876 -42.793115
1115 1 268.84753 -37.958998
1116 1 271.65662 -33.050889
1117 1 274.22906 -28.186407
1118 1 276.86813 -23.336690
1119 1 279.45135 -18.524569
1120 1 280.92770 -10.108673
1121 1 283.71111 -5.3289656
1122 1 286.38160 -0.74132879
1123 1 289.19149 3.9396499
1124 1 292.12783 8.5544931
1125 1 295.42382 13.015582
1126 1 298.75817 17.389440
1127 1 302.49959 21.640662
1128 1 306.40110 25.619437
1129 1 310.85943 29.374207
1130 1 315.59745 32.929116
1131 1 320.94840 36.211829
1132 1 326.75974 39.071630
1133 1 333.18960 41.470949
1134 1 340.12615 43.439178
1135 1 347.45822 44.798713
1136 1 355.09093 45.576899
1137 1 2.9898147 45.657263
1138 1 10.549122 45.064267
1139 1 18.155982 43.903748
1140 1 25.199468 42.077160
1141 1 31.642638 39.767446
1142 1 37.497684 36.911983
1143 1 43.063953 33.901889
1144 1 47.915803 30.354690
1145 1 52.418575 26.670440
1146 1 56.567778 22.710545
1147 1 60.465040 18.464872
1148 1 63.888228 14.205544
1149 1 67.048179 9.8354044
1150 1 70.129896 5.1387890
1151 1 72.980403 0.52637868
1152 1 75.732703 -4.1532127
1153 1 78.371385 -8.8551279
1154 1 81.016219 -13.666726
1155 1 83.620543 -18.567047
1156 1 86.168702 -23.324489
1157 1 88.972416 -28.302626
1158 1 91.638052 -33.093560
1159 1 94.764536 -38.084884
1160 1 98.057812 -42.750978
1161 1 101.62068 -47.722840
1162 1 105.88788 -52.398907
1163 1 110.82753 -57.041710
1164 1 116.92357 -61.512004
1165 1 124.56079 -65.667878
1166 1 135.11727 -69.501524
1167 1 149.25670 -72.457747
1168 1 167.11233 -74.191983
1169 1 187.66158 -74.469248
1170 1 206.49663 -73.067106
1171 1 221.57113 -70.376927
1172 1 232.79955 -66.729258
1173 1 241.16365 -62.741006
1174 1 247.84914 -58.263345
1175 1 252.96943 -53.733931
1176 1 257.39506 -48.915660
1177 1 261.09237 -44.131802
1178 1 264.48377 -39.263668
1179 1 267.58358 -34.462557
1180 1 270.35125 -29.530808
1181 1 273.07875 -24.737651
1182 1 275.71080 -19.830336
1183 1 278.33279 -15.044372
1184 1 277.41485 -11.460205
1185 1 280.15514 -6.5517236
1186 1 282.88145 -1.7975963
1187 1 285.72738 3.0147547
1188 1 288.68469 7.6176926
1189 1 291.67322 12.172044
1190 1 294.97017 16.608642
1191 1 298.54922 21.053120
1192 1 302.30756 25.217752
1193 1 306.64461 29.194512
1194 1 311.36175 33.001431
1195 1 316.49433 36.571086
1196 1 322.06992 39.735494
1197 1 328.28365 42.519790
1198 1 335.38377 44.818412
1199 1 342.73942 46.555029
1200 1 350.70877 47.658936
1201 1 357.63295 48.124772
1202 1 7.1083872 47.822264
1203 1 15.227323 46.935220
1204 1 22.846973 45.422043
1205 1 29.829355 43.275222
1206 1 36.257198 40.503793
1207 1 42.131554 37.444103
1208 1 47.485600 34.065070
1209 1 52.218404 30.291161
1210 1 56.659065 26.456103
1211 1 60.548774 22.175717
1212 1 64.068684 17.855499
1213 1 67.467108 13.371496
1214 1 70.708992 8.8291150
1215 1 73.633815 4.1697840
1216 1 76.413188 -0.49876439
1217 1 79.160373 -5.2779986
1218 1 81.812774 -10.109019
1219 1 84.575698 -14.932655
1220 1 87.231676 -19.852751
1221 1 89.904025 -24.716499
1222 1 92.889927 -29.575563
1223 1 95.849160 -34.482578
1224 1 99.141125 -39.298755
1225 1 102.70931 -44.063317
1226 1 106.82587 -48.756244
1227 1 111.62175 -53.375965
1228 1 117.58491 -57.794336
1229 1 124.55472 -62.033236
1230 1 133.66573 -65.856957
1231 1 145.53883 -69.031291
1232 1 160.21173 -71.167994
1233 1 177.64776 -72.101188
1234 1 195.29770 -71.626662
1235 1 211.01740 -69.705570
1236 1 223.39380 -66.744111
1237 1 233.34017 -63.069163
1238 1 240.82958 -59.012409
1239 1 246.96949 -54.620000
1240 1 252.04851 -50.106496
1241 1 256.27459 -45.333038
1242 1 260.06224 -40.557412
1243 1 263.24450 -35.793640
1244 1 266.38406 -30.937675
1245 1 269.31161 -26.036550
1246 1 272.02621 -21.209337
1247 1 274.73459 -16.249859
1248 1 276.66872 -7.8238857
1249 1 279.32664 -2.9906265
1250 1 282.16523 1.7790162
1251 1 285.03783 6.6322753
1252 1 288.03036 11.241534
1253 1 291.28479 15.741548
1254 1 294.73510 20.385731
1255 1 298.35107 24.746161
1256 1 302.51730 28.870065
1257 1 306.95186 32.889698
1258 1 311.72261 36.757844
1259 1 317.37189 40.164805
1260 1 323.55592 43.270476
1261 1 330.39533 45.937143
1262 1 337.85784 48.059400
1263 1 345.99293 49.606849
1264 1 354.47147 50.383481
1265 1 3.3856588 50.524710
1266 1 11.892197 49.906175
1267 1 20.000158 48.615188
1268 1 27.763493 46.590288
1269 1 34.829782 44.068742
1270 1 41.196194 40.975375
1271 1 46.844898 37.639898
1272 1 51.963179 33.920807
1273 1 56.501011 30.053172
1274 1 60.656973 25.866260
1275 1 64.468765 21.542518
1276 1 67.866092 16.966939
1277 1 71.165445 12.412721
1278 1 74.198110 7.8435169
1279 1 77.159997 3.0561251
1280 1 79.945264 -1.5891010
1281 1 82.774513 -6.5242002
1282 1 85.385770 -11.463177
1283 1 88.146019 -16.231611
1284 1 90.839659 -21.093545
1285 1 93.744150 -26.006818
1286 1 96.874876 -30.902183
1287 1 100.11147 -35.715827
1288 1 103.74467 -40.512522
1289 1 107.60800 -45.196387
1290 1 112.23637 -49.729791
1291 1 117.80585 -54.089611
1292 1 124.37849 -58.364982
1293 1 132.39495 -62.108734
1294 1 142.57663 -65.475499
1295 1 155.19431 -68.009320
1296 1 169.90251 -69.462652
1297 1 185.66487 -69.563052
1298 1 201.10319 -68.472605
1299 1 214.37488 -66.215876
1300 1 225.27386 -63.057240
1301 1 233.70307 -59.402379
1302 1 240.69807 -55.308693
1303 1 246.30816 -50.974552
1304 1 251.13401 -46.358061
1305 1 255.31694 -41.705046
1306 1 259.08652 -36.987657
1307 1 262.43755 -32.160538
1308 1 265.50436 -27.298556
1309 1 268.24409 -22.495817
1310 1 271.19370 -17.580685
1311 1 273.90924 -12.664351
1316 1 284.41275 10.170068
1317 1 287.55566 14.906778
1318 1 290.85997 19.467125
1319 1 294.43504 23.993424
1320 1 298.34755 28.406561
1321 1 302.50904 32.497137
1322 1 307.25172 36.580944
1323 1 312.44674 40.339175
1324 1 318.40863 43.785614
1325 1 325.08121 46.790298
1326 1 332.56395 49.286298
1327 1 340.87742 51.212927
1328 1 349.55225 52.433830
1329 1 357.28454 52.999886
1330 1 7.9820834 52.663232
1331 1 17.009166 51.653262
1332 1 25.341890 49.903223
1333 1 32.947058 47.561445
1334 1 39.808620 44.543237
1335 1 45.942536 41.264252
1336 1 51.450390 37.634736
1337 1 56.255246 33.689490
1338 1 60.729979 29.495865
1339 1 64.683704 25.209746
1340 1 68.247326 20.650159
1341 1 71.631623 16.137172
1342 1 74.827248 11.535157
1343 1 77.714485 6.7049715
1344 1 80.620097 1.9026173
1345 1 83.417302 -2.8578478
1346 1 86.220335 -7.7959029
1347 1 89.003000 -12.603361
1348 1 91.734583 -17.528353
1349 1 94.585290 -22.350602
1350 1 97.696654 -27.265289
1351 1 100.99550 -32.167117
1352 1 104.43484 -36.801164
1353 1 108.33073 -41.516065
1354 1 112.82918 -46.061040
1355 1 117.92261 -50.488632
1356 1 124.10933 -54.647540
1357 1 131.37404 -58.490358
1358 1 140.27870 -61.972388
1359 1 151.06590 -64.717738
1360 1 163.85989 -66.552247
1361 1 178.11563 -67.303476
1362 1 192.31448 -66.894923
1363 1 205.76003 -65.249609
1364 1 216.99408 -62.757041
1365 1 226.43674 -59.444577
1366 1 234.06065 -55.774257
1367 1 240.70522 -51.660670
1368 1 245.89243 -47.297461
1369 1 250.53063 -42.814887
1370 1 254.61282 -38.094437
1371 1 258.26292 -33.370810
1372 1 261.49203 -28.621228
1383 1 294.10677 27.671677
1384 1 298.22543 32.005319
1385 1 302.75749 36.259253
1386 1 307.61442 40.229005
1387 1 313.37361 43.975342
1388 1 319.81902 47.374913
1389 1 326.99708 50.255166
1390 1 335.16810 52.617988
1391 1 344.11550 54.318046
1392 1 353.91348 55.160484
1393 1 3.8176214 55.362207
1394 1 13.405104 54.663137
1395 1 22.458489 53.039480
1396 1 30.870958 50.891818
1397 1 38.371146 48.076422
1398 1 45.012628 44.872085
1399 1 50.852401 41.298849
1400 1 56.085770 37.386843
1401 1 60.833905 33.198843
1402 1 64.746463 29.009557
1403 1 68.558814 24.432510
1404 1 72.080057 19.799804
1405 1 75.317049 15.134449
1406 1 78.373779 10.385554
1407 1 81.295313 5.5329425
1408 1 84.139796 0.62635659
1409 1 86.877673 -4.1032022
1410 1 89.708864 -9.0266423
1411 1 92.510045 -13.938938
1412 1 95.413122 -18.690709
1413 1 98.440571 -23.644106
1414 1 101.66622 -28.392933
1415 1 105.08462 -33.148300
1416 1 108.90031 -37.868168
1417 1 113.22754 -42.426554
1418 1 117.93563 -46.813797
1419 1 123.82184 -50.945086
1420 1 130.36861 -54.890597
1421 1 138.29711 -58.355586
1422 1 148.05234 -61.313117
1423 1 159.17366 -63.473388
1424 1 171.68549 -64.687392
1425 1 184.78188 -64.857529
1426 1 197.86552 -63.919223
1427 1 209.39966 -61.933276
1428 1 219.27525 -59.208324
1429 1 227.65500 -55.905648
1430 1 234.75634 -52.067398
1431 1 240.55808 -47.941514
1432 1 245.65683 -43.601782
1455 1 338.39408 55.776196
1456 1 348.26524 57.209655
1457 1 356.77635 57.749624
1458 1 9.1362171 57.426294
1459 1 19.156360 56.246419
1460 1 28.287251 54.328042
1461 1 36.530020 51.647715
1462 1 43.796028 48.554544
1463 1 50.359971 44.944319
1464 1 55.773478 40.990435
1465 1 60.753810 36.905653
1466 1 64.965522 32.600158
1467 1 68.886894 28.145249
1468 1 72.502976 23.491055
1469 1 75.847122 18.782393
1470 1 78.938478 14.003643
1471 1 81.932393 9.1941322
1472 1 84.689567 4.3446787
1473 1 87.533148 -0.57553319
1474 1 90.440764 -5.4614253
1475 1 93.199383 -10.235821
1476 1 95.983138 -15.129687
1477 1 99.112525 -19.912248
1478 1 102.19396 -24.784334
1479 1 105.64085 -29.512782
1480 1 109.36579 -34.204555
1481 1 113.36742 -38.775970
1482 1 118.12093 -43.066229
1483 1 123.39775 -47.380441
1484 1 129.50195 -51.137669
1485 1 136.79245 -54.781301
1486 1 145.36826 -57.859798
1487 1 155.19019 -60.392003
1488 1 166.50851 -61.877914
1489 1 178.30954 -62.547445
1583 1 335.05068 60.348571
1584 1 346.29824 61.903735
1585 1 356.23847 62.570698
1586 1 10.439146 62.161305
1587 1 21.869186 60.855250
1588 1 32.101520 58.567766
1589 1 41.174555 55.641219
1590 1 48.634304 52.153939
1591 1 55.071912 48.423022
1592 1 60.627497 44.251048
1593 1 65.354894 39.889629
1594 1 69.604277 35.391388
1595 1 73.458621 30.724808
1596 1 76.928374 26.042292
1597 1 80.119960 21.324002
1598 1 83.163259 16.474694
1599 1 86.134838 11.555306
1600 1 88.896853 6.7702981
1601 1 91.679479 1.7974966
1602 1 94.511326 -3.0134108
1603 1 97.278534 -7.8653856
1604 1 100.28209 -12.672838
1605 1 103.33876 -17.447082
1606 1 106.55747 -22.238579
1607 1 110.20274 -26.858540
1608 1 114.05284 -31.368589
1609 1 118.14033 -35.678089
1610 1 122.84966 -39.935326
1611 1 128.14870 -43.889050
1612 1 134.33150 -47.579718
1613 1 141.28917 -50.816568
1614 1 149.36389 -53.600204
1615 1 158.31529 -55.787891
1616 1 168.20131 -57.314718
1617 1 178.59587 -57.757851
1639 1 285.04454 33.194438
1640 1 289.00050 37.819752
1641 1 293.19331 42.441393
1642 1 298.04438 46.802736
1643 1 303.68967 50.923901
1644 1 310.40143 54.881939
1645 1 318.48126 58.414043
1646 1 327.81802 61.289521
1647 1 339.21744 63.404868
1648 1 351.51980 64.688160
1649 1 5.1680662 64.862104
1650 1 17.558674 63.914579
1651 1 29.293713 62.018774
1652 1 39.314766 59.316563
1653 1 47.690570 55.797124
1654 1 54.707969 52.057604
1655 1 60.550049 47.960535
1656 1 65.716110 43.590371
1657 1 70.122225 39.159673
1658 1 73.974930 34.432808
1659 1 77.540998 29.705211
1660 1 80.902373 24.895041
1661 1 83.902078 20.108599
1662 1 86.815733 15.182258
1663 1 89.579140 10.309283
1664 1 92.381108 5.4312303
1665 1 95.193934 0.66979965
1666 1 98.014010 -4.1630223
1667 1 100.93397 -9.0532236
1668 1 103.86542 -13.776364
1669 1 107.05923 -18.479051
1670 1 110.42822 -23.184264
1671 1 114.06038 -27.760429
1672 1 118.10739 -32.059149
1673 1 122.72156 -36.259343
1674 1 127.61775 -40.269346
1675 1 133.37410 -43.892946
1676 1 139.74337 -47.305242
1677 1 147.05555 -50.322840
1678 1 155.14230 -52.564408
1679 1 164.10916 -54.254965
1680 1 173.78573 -55.266762
1681 1 183.67913 -55.323084
1682 1 193.34137 -54.621710
1683 1 202.59527 -53.130008
1684 1 210.98566 -50.922340
1685 1 218.31211 -48.164129
1686 1 225.08312 -44.929205
1687 1 230.83778 -41.340343
1688 1 236.11049 -37.328387
1700 1 271.66779 17.508102
1701 1 274.52320 22.325842
1702 1 277.70780 27.292059
1703 1 280.93329 32.056378
1704 1 284.42181 36.838213
1705 1 288.41044 41.432000
1706 1 292.61891 46.028344
1707 1 298.01197 50.428151
1708 1 304.09729 54.590954
1709 1 311.45569 58.523930
1710 1 320.29595 61.980598
1711 1 331.30056 64.695457
1712 1 343.89357 66.532178
1713 1 355.75950 67.331183
1714 1 12.588550 66.887478
1715 1 25.622229 65.297624
1716 1 36.920117 62.729666
1717 1 46.286158 59.527773
1718 1 54.273080 55.783308
1719 1 60.542357 51.645617
1720 1 66.014519 47.345384
1721 1 70.616525 42.780675
1722 1 74.551031 38.070794
1723 1 78.320729 33.316906
1724 1 81.556035 28.629747
1725 1 84.591698 23.717496
1726 1 87.564582 18.842058
1727 1 90.422476 13.928573
1728 1 93.171887 9.1382618
1729 1 95.941554 4.1505306
1730 1 98.704823 -0.64500015
1731 1 101.46756 -5.4790876
1732 1 104.53635 -10.182687
1733 1 107.54629 -14.815320
1734 1 110.85169 -19.524877
1735 1 114.41229 -24.009354
1736 1 118.16629 -28.356101
1737 1 122.47811 -32.569460
1738 1 127.17736 -36.567602
1739 1 132.61994 -40.293626
1740 1 138.43283 -43.674945
1741 1 145.17216 -46.743365
1742 1 152.71044 -49.299311
1743 1 160.63565 -51.201911
1744 1 169.57465 -52.531608
1745 1 178.83345 -52.995750
1746 1 188.06975 -52.709785
1747 1 196.99070 -51.625048
1748 1 205.41071 -49.910575
1749 1 212.93798 -47.469934
1750 1 219.86347 -44.551363
1751 1 225.93065 -41.204347
1752 1 231.40400 -37.615648
1753 1 236.30833 -33.714667
1754 1 240.68643 -29.532975
1755 1 244.57934 -25.236068
1756 1 248.26588 -20.708021
1760 1 259.96545 1.6765057
1761 1 262.70169 6.5368163
1762 1 265.31380 11.263263
1763 1 268.09208 16.244861
1764 1 270.84803 21.112130
1765 1 273.78973 25.947328
1766 1 276.84398 30.774142
1767 1 280.12827 35.671896
1768 1 283.65765 40.493401
1769 1 287.65093 45.229116
1770 1 292.34989 49.745889
1771 1 297.72513 54.204913
1772 1 304.39442 58.342481
1773 1 312.54193 62.177747
1774 1 322.68863 65.533145
1775 1 335.22142 68.012087
1776 1 349.84965 69.472107
1777 1 5.9858651 69.644498
1778 1 21.145962 68.517679
1779 1 34.276489 66.245070
1780 1 45.312148 63.120473
1781 1 53.771420 59.475502
1782 1 60.681109 55.440585
1783 1 66.518041 50.902491
1784 1 71.204824 46.427804
1785 1 75.354787 41.716306
1786 1 79.063895 36.935587
1787 1 82.384649 32.185975
1788 1 85.366824 27.245512
1789 1 88.420699 22.432525
1790 1 91.148911 17.590819
1791 1 93.963048 12.720074
1792 1 96.680622 7.8103825
1793 1 99.377677 2.9962879
1794 1 102.14911 -1.7981577
1795 1 105.02698 -6.4971557
1796 1 108.15014 -11.321804
1797 1 111.27920 -15.789784
1798 1 114.59734 -20.224466
1799 1 118.38113 -24.625853
1800 1 122.40731 -28.961755
1801 1 126.85935 -32.905317
1802 1 131.79452 -36.613924
1803 1 137.27397 -40.103983
1804 1 143.51008 -43.204314
1805 1 150.44001 -45.913727
1806 1 157.85776 -48.037867
1807 1 165.99850 -49.634757
1808 1 174.43849 -50.456580
1809 1 183.19758 -50.472457
1810 1 191.87988 -49.915982
1811 1 200.17999 -48.572590
1812 1 207.79118 -46.509634
1813 1 214.81837 -44.002367
1814 1 220.94793 -41.085566
1815 1 226.92327 -37.662230
1816 1 231.91267 -33.905405
1817 1 236.45658 -29.995686
1818 1 240.60756 -25.825738
1819 1 244.35349 -21.503065
1820 1 247.83266 -17.039626
1821 1 251.13311 -12.486608
1822 1 254.27294 -7.8469399
1823 1 257.07748 -3.1300993
1824 1 256.36194 0.52637683
1825 1 259.22149 5.2738513
1826 1 261.81507 10.089192
1827 1 264.50634 14.903084
1828 1 267.27412 19.918492
1829 1 269.92315 24.651809
1830 1 272.91367 29.593638
1831 1 275.79679 34.499274
1832 1 279.11734 39.335352
1833 1 282.67460 44.067127
1834 1 286.80829 48.777347
1835 1 291.56789 53.415178
1836 1 297.51703 57.846809
1837 1 304.57356 61.960465
1838 1 313.62548 65.822071
1839 1 325.28027 68.923200
1840 1 340.28418 71.236425
1841 1 354.65611 72.166097
1842 1 15.254517 71.571129
1843 1 30.799471 69.655996
1844 1 43.555239 66.732728
1845 1 53.122606 63.108153
1846 1 60.960183 58.892536
1847 1 67.023403 54.676419
1848 1 71.892997 49.945368
1849 1 76.280892 45.322215
1850 1 79.928311 40.545623
1851 1 83.277876 35.729108
1852 1 86.340347 30.868313
1853 1 89.324157 26.026153
1854 1 92.057791 21.210857
1855 1 94.731515 16.254792
1856 1 97.398716 11.467706
1857 1 100.09304 6.5487744
1858 1 102.83832 1.7606794
1859 1 105.65434 -2.9303337
1860 1 108.60875 -7.5398448
1861 1 111.69724 -12.123437
1862 1 115.02874 -16.639266
1863 1 118.47611 -21.019236
1864 1 122.34220 -25.198068
1865 1 126.54993 -29.252883
1866 1 131.20807 -33.059760
1867 1 136.37196 -36.551748
1868 1 142.22155 -39.777440
1869 1 148.41543 -42.594909
1870 1 155.34383 -44.750147
1871 1 162.70677 -46.580417
1872 1 170.71921 -47.692774
1873 1 178.84497 -48.130423
1874 1 187.07254 -47.927638
1875 1 195.14486 -46.979096
1876 1 202.75032 -45.404895
1877 1 209.89748 -43.162241
1878 1 216.41217 -40.496659
1879 1 222.16800 -37.447757
1880 1 227.36073 -34.068686
1881 1 232.28229 -30.233111
1882 1 236.54001 -26.259646
1883 1 240.50117 -22.130290
1884 1 244.11933 -17.819008
1885 1 247.44573 -13.407936
1886 1 250.61520 -8.8528458
1887 1 253.61104 -4.2088063
1888 1 255.60505 4.1714829
1889 1 258.36480 8.8294940
1890 1 260.91133 13.697920
1891 1 263.57410 18.535346
1892 1 266.21857 23.370132
1893 1 268.90855 28.275435
1894 1 271.73642 33.058890
1895 1 274.83529 38.055349
1896 1 278.03362 42.878836
1897 1 281.65961 47.653773
1898 1 285.72959 52.412413
1899 1 290.76514 57.065927
1900 1 296.76568 61.546278
1901 1 304.55950 65.664985
1902 1 315.29244 69.405582
1903 1 329.18348 72.468495
1904 1 347.07327 74.221506
1905 1 8.1858866 74.518113
1906 1 26.126461 73.112201
1907 1 41.759681 70.380951
1908 1 53.010336 66.727778
1909 1 61.290629 62.611506
1910 1 67.666259 58.303717
1911 1 72.930526 53.755989
1912 1 77.394159 48.907225
1913 1 81.074230 44.179006
1914 1 84.592959 39.367825
1915 1 87.482814 34.384162
1916 1 90.425518 29.642722
1917 1 93.138657 24.669058
1918 1 95.743425 19.815085
1919 1 98.342399 14.945595
1920 1 100.99895 10.185005
1921 1 103.65209 5.4238073
1922 1 106.30612 0.70894455
1923 1 109.27893 -3.9472520
1924 1 112.19039 -8.4754992
1925 1 115.44102 -12.983207
1926 1 118.79450 -17.371091
1927 1 122.43028 -21.520212
1928 1 126.34521 -25.595194
1929 1 130.85597 -29.368766
1930 1 135.65163 -32.946486
1931 1 140.94194 -36.149726
1932 1 146.75737 -39.059026
1933 1 153.26440 -41.481274
1934 1 160.10509 -43.380560
1935 1 167.34953 -44.825119
1936 1 175.08043 -45.568263
1937 1 182.91365 -45.679108
1938 1 190.48416 -45.154480
1939 1 198.02436 -43.887598
1940 1 205.10925 -42.082782
1941 1 211.61860 -39.735457
1942 1 217.57211 -37.040631
1943 1 223.02809 -33.897944
1944 1 228.03620 -30.386012
1945 1 232.47395 -26.616288
1946 1 236.59926 -22.730442
1947 1 240.42384 -18.451528
1948 1 243.74721 -14.149473
1949 1 246.97995 -9.7324176
1950 1 250.02720 -5.2529271
1951 1 252.91411 -0.59465288
1952 1 252.21395 2.9881919
1953 1 254.81498 7.6890894
1954 1 257.44386 12.469007
1955 1 260.00477 17.261819
1956 1 262.56863 22.103322
1957 1 265.06961 26.896257
1958 1 267.65665 31.795880
1959 1 270.43073 36.683177
1960 1 273.40983 41.529555
1961 1 276.56419 46.428274
1962 1 280.12724 51.216089
1963 1 284.37169 55.927514
1964 1 289.39935 60.695282
1965 1 295.96100 65.077374
1966 1 304.53758 69.435408
1967 1 316.76260 73.068230
1968 1 333.87693 75.784453
1969 1 352.92870 77.014620
1970 1 20.017235 76.329126
1971 1 38.839410 73.895335
1972 1 52.651966 70.444656
1973 1 62.100578 66.310648
1974 1 68.828190 61.838960
1975 1 74.282519 57.262648
1976 1 78.755198 52.543114
1977 1 82.536796 47.694064
1978 1 85.793938 42.845739
1979 1 88.919418 37.963205
1980 1 91.515707 33.223012
1981 1 94.299645 28.260813
1982 1 96.804721 23.324941
1983 1 99.336195 18.482395
1984 1 101.97786 13.749166
1985 1 104.51122 8.9628604
1986 1 107.11266 4.3403223
1987 1 110.01101 -0.36200878
1988 1 112.70746 -4.9477843
1989 1 115.76492 -9.3752655
1990 1 119.16701 -13.649547
1991 1 122.65279 -17.740980
1992 1 126.37479 -21.962427
1993 1 130.40707 -25.745589
1994 1 135.06621 -29.331360
1995 1 139.97140 -32.597876
1996 1 145.45603 -35.592895
1997 1 151.37055 -38.138575
1998 1 157.72433 -40.172563
1999 1 164.56552 -41.781588
2000 1 171.65577 -42.802813
2001 1 179.09375 -43.173510
2002 1 186.44973 -42.995196
2003 1 193.54424 -42.179832
2004 1 200.36028 -40.685178
2005 1 207.07922 -38.743947
2006 1 213.07654 -36.312554
2007 1 218.68510 -33.491695
2008 1 223.80840 -30.235236
2009 1 228.36080 -26.704624
2010 1 232.64186 -23.000534
2011 1 236.44596 -19.090806
2012 1 240.02105 -14.880063
2013 1 243.38298 -10.561829
2014 1 246.46904 -6.1224648
2015 1 249.46708 -1.5231067
2016 1 251.32535 6.6330268
2017 1 253.85043 11.219882
2018 1 256.30538 15.916063
2019 1 258.83832 20.770127
2020 1 261.24744 25.574589
2021 1 263.73336 30.329389
2022 1 266.28868 35.248144
2023 1 268.97323 40.071447
2024 1 271.70424 44.982711
2025 1 274.81568 49.852998
2026 1 278.30842 54.786945
2027 1 282.58131 59.562277
2028 1 287.59904 64.246900
2029 1 294.36622 68.792949
2030 1 304.03472 73.094011
2031 1 319.02650 76.762809
2032 1 341.72917 79.067000
2033 1 11.406273 79.454719
2034 1 35.678381 77.495254
2035 1 52.401291 74.091668
2036 1 63.233454 69.909216
2037 1 70.864784 65.504138
2038 1 76.305082 60.724961
2039 1 80.663945 55.923249
2040 1 84.341030 51.190701
2041 1 87.471966 46.221857
2042 1 90.453643 41.423963
2043 1 93.105752 36.528476
2044 1 95.714306 31.676662
2045 1 98.192865 26.776941
2046 1 100.51896 21.965089
2047 1 102.99113 17.274043
2048 1 105.55617 12.558414
2049 1 108.05127 7.9741489
2050 1 110.71379 3.1986453
2051 1 113.34889 -1.2727315
2052 1 116.39519 -5.7010617
2053 1 119.43358 -10.058489
2054 1 122.85033 -14.159753
2055 1 126.37564 -18.280298
2056 1 130.29263 -22.017433
2057 1 134.44747 -25.666996
2058 1 139.17704 -29.060891
2059 1 144.29830 -32.014694
2060 1 149.86799 -34.674316
2061 1 155.75155 -36.967804
2062 1 162.10933 -38.723112
2063 1 168.69446 -39.830503
2064 1 175.58982 -40.513137
2065 1 182.55400 -40.645570
2066 1 189.59673 -40.192947
2067 1 196.23202 -39.087567
2068 1 202.72908 -37.321188
2069 1 208.77342 -35.260806
2070 1 214.29586 -32.729553
2071 1 219.46760 -29.826302
2072 1 224.23902 -26.564653
2073 1 228.67205 -23.013096
2074 1 232.66498 -19.246089
2075 1 236.29208 -15.309126
2076 1 239.72652 -11.145927
2077 1 242.89683 -6.8379254
2078 1 245.83264 -2.4573868
2079 1 248.66776 2.0756583
2080 1 247.84073 5.5530301
2081 1 250.40895 10.085299
2082 1 252.80734 14.797180
2083 1 255.11487 19.425360
2084 1 257.56824 24.135045
2085 1 259.74155 29.039481
2086 1 262.06458 33.773444
2087 1 264.54434 38.611805
2088 1 266.98589 43.503614
2089 1 269.62308 48.408141
2090 1 272.62092 53.305637
2091 1 275.85052 58.168673
2092 1 279.93863 62.931169
2093 1 284.99685 67.726684
2094 1 292.27055 72.354585
2095 1 303.00091 76.671122
2096 1 322.58922 80.261577
2097 1 348.69499 82.108800
2098 1 30.370883 81.076902
2099 1 52.712699 77.748747
2100 1 65.405238 73.623140
2101 1 73.504982 68.964139
2102 1 78.784434 64.228894
2103 1 83.140782 59.462729
2104 1 86.518032 54.510693
2105 1 89.768085 49.685590
2106 1 92.324620 44.860680
2107 1 94.884209 39.962782
2108 1 97.316119 35.059137
2109 1 99.585109 30.354922
2110 1 101.93046 25.413909
2111 1 104.22791 20.766193
2112 1 106.55823 15.984027
2113 1 108.99304 11.362409
2114 1 111.50377 6.7930292
2115 1 114.21902 2.2531290
2116 1 116.92391 -2.1421809
2117 1 119.91602 -6.3880319
2118 1 123.15952 -10.548209
2119 1 126.58557 -14.575476
2120 1 130.29286 -18.372572
2121 1 134.16584 -21.920484
2122 1 138.68326 -25.384858
2123 1 143.38543 -28.407294
2124 1 148.46035 -31.137019
2125 1 153.94390 -33.478963
2126 1 159.84736 -35.416157
2127 1 166.05403 -36.925397
2128 1 172.62367 -37.774951
2129 1 179.15996 -38.182100
2130 1 185.78875 -37.979667
2131 1 192.19788 -37.160811
2132 1 198.50011 -35.855320
2133 1 204.53087 -34.099485
2134 1 210.10456 -31.796256
2135 1 215.43907 -29.187486
2136 1 220.12474 -26.284243
2137 1 224.74170 -22.973549
2138 1 228.77110 -19.421422
2139 1 232.56179 -15.554250
2140 1 235.97373 -11.552692
2141 1 239.26486 -7.5363686
2142 1 242.21323 -3.3694534
2143 1 245.09985 1.1243476
2144 1 246.76732 9.1386577
2145 1 249.23666 13.582458
2146 1 251.53222 18.186699
2147 1 253.78154 22.869233
2148 1 255.92566 27.566365
2149 1 258.14747 32.287912
2150 1 260.32275 37.155879
2151 1 262.47233 41.966525
2152 1 264.85634 46.798098
2153 1 267.24411 51.602633
2154 1 269.68074 56.596433
2155 1 272.70570 61.372639
2156 1 276.24520 66.273477
2157 1 281.15798 71.067976
2158 1 288.00938 75.875830
2159 1 300.35931 80.387380
2160 1 327.74981 83.889562
2161 1 20.382616 84.375144
2162 1 54.217419 81.352291
2163 1 69.591023 77.018941
2164 1 77.236472 72.354463
2165 1 82.749341 67.609086
2166 1 86.561897 62.774214
2167 1 89.426379 57.819094
2168 1 92.125009 53.055434
2169 1 94.751447 48.156703
2170 1 97.009992 43.254923
2171 1 99.181874 38.419030
2172 1 101.37250 33.630669
2173 1 103.45783 28.870190
2174 1 105.62862 24.107563
2175 1 107.88163 19.489284
2176 1 110.26750 14.851522
2177 1 112.52674 10.376560
2178 1 115.09223 5.8133860
2179 1 117.80460 1.4379793
2180 1 120.54141 -2.8493561
2181 1 123.64069 -6.9323246
2182 1 126.88109 -10.869213
2183 1 130.37408 -14.741332
2184 1 134.17657 -18.306492
2185 1 138.26598 -21.776260
2186 1 142.58984 -24.852664
2187 1 147.43195 -27.687625
2188 1 152.49323 -30.022550
2189 1 157.98138 -32.157424
2190 1 163.76536 -33.666573
2191 1 169.88891 -34.857621
2192 1 176.09314 -35.392750
2193 1 182.38071 -35.484245
2194 1 188.52155 -35.024055
2195 1 194.66902 -34.060464
2196 1 200.56536 -32.597443
2197 1 206.07429 -30.671203
2198 1 211.31186 -28.341168
2199 1 216.17223 -25.604154
2200 1 220.70916 -22.581432
2201 1 224.83272 -19.268441
2202 1 228.69219 -15.684892
2203 1 232.31903 -11.972203
2204 1 235.58751 -8.0328437
2205 1 238.59987 -3.9314214
2206 1 241.47948 0.15971705
2207 1 244.16627 4.5743417
2208 1 243.16459 8.1900717
2209 1 245.53912 12.556099
2210 1 247.85081 17.071863
2211 1 250.02490 21.582741
2212 1 252.14607 26.209594
2213 1 254.17967 30.886802
2214 1 256.14027 35.585688
2215 1 258.10838 40.352916
2216 1 260.08108 45.161468
2217 1 262.02534 49.989128
2218 1 264.02476 54.774785
2219 1 266.14584 59.706018
2220 1 268.51972 64.567234
2221 1 271.29432 69.401476
2222 1 275.16165 74.221334
2223 1 280.43348 79.090231
2224 1 292.73347 83.799845
2225 1 323.56531 87.148601
2226 1 59.892970 85.000208
2227 1 77.439570 80.425704
2228 1 83.775172 75.574206
2229 1 87.810765 70.715862
2230 1 90.669392 65.894616
2231 1 93.338831 61.006821
2232 1 95.419701 56.100065
2233 1 97.558371 51.232757
2234 1 99.475385 46.346667
2235 1 101.35421 41.661273
2236 1 103.36520 36.893570
2237 1 105.31071 32.127781
2238 1 107.29612 27.436089
2239 1 109.43743 22.900422
2240 1 111.56777 18.283125
2241 1 113.81013 13.724058
2242 1 116.12658 9.3743924
2243 1 118.75196 5.0127484
2244 1 121.40263 0.84984742
2245 1 124.22219 -3.3395005
2246 1 127.31857 -7.2020397
2247 1 130.63759 -11.118509
2248 1 134.11918 -14.615373
2249 1 138.02593 -18.028607
2250 1 142.11471 -21.104980
2251 1 146.47878 -23.978747
2252 1 151.38086 -26.600125
2253 1 156.43162 -28.716376
2254 1 161.81418 -30.505448
2255 1 167.38065 -31.822430
2256 1 173.29986 -32.584219
2257 1 179.18087 -32.887363
2258 1 185.18732 -32.666770
2259 1 191.06969 -31.989410
2260 1 196.68798 -30.869352
2261 1 202.11546 -29.195723
2262 1 207.41412 -27.110771
2263 1 212.08336 -24.807800
2264 1 216.78193 -21.965684
2265 1 220.92097 -19.013902
2266 1 224.84886 -15.609643
2267 1 228.43196 -12.050527
2268 1 231.90676 -8.2343889
2269 1 234.98514 -4.4317524
2270 1 237.86157 -0.34171608
2271 1 240.55576 3.7884832
2272 1 241.94074 11.632218
2273 1 244.27850 15.984790
2274 1 246.34279 20.468402
2275 1 248.46197 24.946496
2276 1 250.18162 29.521852
2277 1 252.06334 34.154752
2278 1 253.81634 38.764012
2279 1 255.46430 43.395510
2280 1 257.01408 48.191983
2281 1 258.58527 53.008145
2282 1 260.09788 57.770232
2283 1 261.51934 62.593243
2284 1 262.94941 67.432079
2285 1 264.11358 72.282058
2286 1 265.51958 77.058383
2287 1 266.68163 81.894215
2288 1 263.81244 86.589473
2289 1 98.823633 87.762887
2290 1 93.725046 83.135303
2291 1 94.159330 78.341628
2292 1 95.533829 73.597812
2293 1 96.534408 68.749684
2294 1 98.131740 63.896673
2295 1 99.383098 59.083882
2296 1 101.01851 54.208820
2297 1 102.45480 49.565216
2298 1 104.01950 44.768501
2299 1 105.78033 40.056674
2300 1 107.50002 35.391683
2301 1 109.31214 30.708024
2302 1 111.19740 26.174304
2303 1 113.17750 21.642192
2304 1 115.24213 17.201489
2305 1 117.45191 12.689718
2306 1 119.80749 8.5119216
2307 1 122.32008 4.3315927
2308 1 125.01078 0.25483443
2309 1 127.85638 -3.7417440
2310 1 131.03328 -7.3787828
2311 1 134.28305 -11.006338
2312 1 138.06705 -14.290283
2313 1 141.80842 -17.502263
2314 1 145.90666 -20.393611
2315 1 150.42160 -23.139742
2316 1 155.16938 -25.244703
2317 1 160.20208 -27.103034
2318 1 165.37970 -28.550412
2319 1 170.86836 -29.548642
2320 1 176.51579 -30.074870
2321 1 182.09218 -30.147591
2322 1 187.66999 -29.722779
2323 1 193.22146 -28.859799
2324 1 198.53244 -27.416827
2325 1 203.58489 -25.811328
2326 1 208.36064 -23.626764
2327 1 212.92843 -21.162228
2328 1 217.08528 -18.363650
2329 1 221.14641 -15.241614
2330 1 224.80210 -11.960179
2331 1 228.19848 -8.3897189
2332 1 231.26637 -4.7085664
2333 1 234.23016 -0.78637999
2334 1 236.99436 3.2612413
2335 1 239.56007 7.3609173
2336 1 238.25216 10.799386
2337 1 240.48057 15.003586
2338 1 242.53143 19.377397
2339 1 244.50380 23.707683
2340 1 246.41431 28.120721
2341 1 248.05082 32.677686
2342 1 249.62418 37.187423
2343 1 251.04499 41.744929
2344 1 252.32010 46.412238
2345 1 253.60205 51.078997
2346 1 254.56334 55.747170
2347 1 255.38911 60.454771
2348 1 255.70721 65.178124
2349 1 255.47375 69.892145
2350 1 254.44677 74.577297
2351 1 250.56610 79.210319
2352 1 239.05451 83.667744
2353 1 193.95961 86.705720
2354 1 126.54884 84.780708
2355 1 111.50532 80.452939
2356 1 106.69918 75.870998
2357 1 104.73372 71.161378
2358 1 104.47484 66.475360
2359 1 104.71923 61.697681
2360 1 105.39465 57.027950
2361 1 106.31528 52.330731
2362 1 107.37586 47.665929
2363 1 108.63677 43.033713
2364 1 110.00536 38.476736
2365 1 111.65789 33.847062
2366 1 113.23306 29.395608
2367 1 114.99927 24.866158
2368 1 116.95621 20.532304
2369 1 118.97845 16.287882
2370 1 121.13700 12.034726
2371 1 123.42947 7.8936305
2372 1 126.03458 3.8836357
2373 1 128.81758 -0.0075973429
2374 1 131.57791 -3.7643553
2375 1 134.82853 -7.2662781
2376 1 138.07315 -10.700736
2377 1 141.63668 -13.883243
2378 1 145.54559 -16.730800
2379 1 149.81770 -19.385352
2380 1 154.16276 -21.651826
2381 1 158.83140 -23.646653
2382 1 163.66287 -25.193315
2383 1 168.74262 -26.352008
2384 1 174.00713 -27.103465
2385 1 179.29882 -27.391298
2386 1 184.59523 -27.239516
2387 1 189.84748 -26.610524
2388 1 195.01527 -25.569970
2389 1 199.99088 -24.137792
2390 1 204.72182 -22.172912
2391 1 209.20638 -19.999068
2392 1 213.46499 -17.516247
2393 1 217.26595 -14.706862
2394 1 221.04963 -11.575545
2395 1 224.45475 -8.2974613
2396 1 227.55132 -4.8287844
2397 1 230.60134 -1.0261329
2398 1 233.36704 2.7491794
2399 1 235.90374 6.8017405
2400 1 236.76127 14.272712
2401 1 238.76028 18.352246
2402 1 240.62572 22.623261
2403 1 242.44002 26.864800
2404 1 243.97242 31.269460
2405 1 245.36905 35.719271
2406 1 246.71461 40.096162
2407 1 247.78165 44.589563
2408 1 248.65647 49.195777
2409 1 249.08249 53.696699
2410 1 249.34236 58.181696
2411 1 249.15388 62.742926
2412 1 248.35712 67.313353
2413 1 245.71272 71.833920
2414 1 240.49767 76.120103
2415 1 230.64038 80.279061
2416 1 206.28519 83.325834
2417 1 164.19826 83.791294
2418 1 134.60155 81.219371
2419 1 121.21095 77.262670
2420 1 115.32163 73.069551
2421 1 112.46452 68.530541
2422 1 111.01687 64.001575
2423 1 110.68415 59.449825
2424 1 110.78564 54.870886
2425 1 111.21789 50.290047
2426 1 112.06697 45.769557
2427 1 112.98638 41.324875
2428 1 114.22005 36.763582
2429 1 115.70295 32.386626
2430 1 117.22329 28.073921
2431 1 118.87311 23.699255
2432 1 120.71645 19.478435
2433 1 122.74460 15.320600
2434 1 124.92634 11.331650
2435 1 127.13601 7.3059476
2436 1 129.70275 3.4926206
2437 1 132.41964 -0.18842484
2438 1 135.39358 -3.6468218
2439 1 138.46546 -6.9818778
2440 1 141.82133 -10.151527
2441 1 145.51871 -13.117074
2442 1 149.30278 -15.758313
2443 1 153.42661 -18.033846
2444 1 157.77289 -20.011648
2445 1 162.18515 -21.795000
2446 1 167.01147 -22.984183
2447 1 171.94487 -23.905809
2448 1 176.84537 -24.468335
2449 1 181.88263 -24.414116
2450 1 186.84336 -24.100214
2451 1 191.73399 -23.320213
2452 1 196.58240 -22.103020
2453 1 201.18651 -20.526554
2454 1 205.55578 -18.467230
2455 1 209.76969 -16.312485
2456 1 213.60249 -13.795543
2457 1 217.28391 -10.839694
2458 1 220.68816 -7.8529986
2459 1 223.87456 -4.5402871
2460 1 226.94273 -1.1479157
2461 1 229.56871 2.5393563
2462 1 232.27540 6.3293078
2463 1 234.57613 10.264999
2464 1 233.10717 13.668574
2465 1 234.93730 17.568963
2466 1 236.81766 21.619553
2467 1 238.44244 25.702407
2468 1 239.92562 29.941935
2469 1 241.22559 34.181885
2470 1 242.37279 38.505266
2471 1 243.18792 42.831059
2472 1 243.88528 47.102527
2473 1 244.16612 51.476939
2474 1 244.01473 55.922066
2475 1 243.04883 60.301777
2476 1 241.62449 64.630653
2477 1 239.10860 68.884428
2478 1 233.94311 72.914083
2479 1 224.96980 76.670004
2480 1 208.84003 79.611802
2481 1 183.75726 80.942051
2482 1 156.90501 80.217836
2483 1 138.42859 77.554738
2484 1 128.24694 73.964205
2485 1 122.36749 69.977268
2486 1 119.07006 65.756911
2487 1 117.07960 61.488983
2488 1 116.13194 57.111949
2489 1 116.02922 52.728011
2490 1 116.09105 48.323266
2491 1 116.72625 43.922263
2492 1 117.44037 39.625439
2493 1 118.56459 35.391800
2494 1 119.75099 31.035375
2495 1 121.20452 26.916473
2496 1 122.74673 22.714985
2497 1 124.52805 18.614464
2498 1 126.44153 14.671082
2499 1 128.60123 10.825818
2500 1 130.89971 7.1084232
2501 1 133.44712 3.4471850
2502 1 136.08060 -0.045263916
2503 1 139.11998 -3.3317730
2504 1 142.16946 -6.3749663
2505 1 145.45731 -9.3164464
2506 1 149.05421 -11.983121
2507 1 152.85556 -14.305227
2508 1 156.94174 -16.400800
2509 1 161.18895 -18.071691
2510 1 165.50775 -19.565865
2511 1 170.03380 -20.567255
2512 1 174.66973 -21.298626
2513 1 179.38155 -21.488287
2514 1 184.08378 -21.373298
2515 1 188.70285 -20.759290
2516 1 193.39483 -19.871848
2517 1 197.81216 -18.533976
2518 1 202.06453 -16.903199
2519 1 206.19009 -14.977916
2520 1 210.06771 -12.594563
2521 1 213.50243 -10.023047
2522 1 217.12166 -7.2595697
2523 1 220.12767 -4.1737560
2524 1 223.08407 -0.94703903
2525 1 225.88186 2.4781160
2526 1 228.47387 6.0658432
2527 1 230.84250 9.8129157
2528 1 231.03879 16.548380
2529 1 232.80553 20.446152
2530 1 234.38940 24.391012
2531 1 235.76997 28.408461
2532 1 237.03640 32.503414
2533 1 237.90423 36.678852
2534 1 238.70693 40.925924
2535 1 239.12555 45.170915
2536 1 239.20575 49.406457
2537 1 238.74729 53.664154
2538 1 237.72282 57.871762
2539 1 236.07115 61.952393
2540 1 233.15037 65.930986
2541 1 228.21775 69.770575
2542 1 220.34061 73.219164
2543 1 208.40145 75.957483
2544 1 194.52295 77.553960
2545 1 174.05767 77.816020
2546 1 155.40300 76.486747
2547 1 141.95468 74.045590
2548 1 133.40716 70.620517
2549 1 127.91751 66.920016
2550 1 124.66041 62.990280
2551 1 122.49350 58.803600
2552 1 121.33657 54.683543
2553 1 120.87730 50.429006
2554 1 120.82800 46.170489
2555 1 121.19661 41.872888
2556 1 121.88682 37.689789
2557 1 122.82602 33.603061
2558 1 123.89336 29.385894
2559 1 125.24118 25.337548
2560 1 126.75073 22.080756
2561 1 128.45049 18.155523
2562 1 130.42455 14.362796
2563 1 132.38043 10.659064
2564 1 134.72470 7.1574759
2565 1 137.19292 3.6725790
2566 1 139.87221 0.46355876
2567 1 142.84515 -2.6085658
2568 1 145.86024 -5.5044552
2569 1 149.22509 -8.2001376
2570 1 152.68188 -10.560194
2571 1 156.51010 -12.623502
2572 1 160.41915 -14.463808
2573 1 164.57646 -15.915878
2574 1 168.71392 -17.102074
2575 1 173.15694 -17.859503
2576 1 176.87913 -18.362328
2577 1 181.37323 -18.308170
2578 1 185.80397 -18.009099
2579 1 190.16108 -17.315669
2580 1 194.52933 -16.329656
2581 1 198.63530 -14.845931
2582 1 202.65631 -13.229411
2583 1 206.46166 -11.126936
2584 1 209.96740 -8.7975874
2585 1 213.37368 -6.2791412
2586 1 216.44207 -3.4076078
2587 1 219.36386 -0.45858140
2588 1 222.20392 2.7884737
2589 1 224.68717 6.2580986
2590 1 227.04798 9.7167494
2591 1 229.18863 13.364216
2592 1 227.97523 18.372937
2593 1 229.84275 22.266894
2594 1 231.27985 26.286603
2595 1 232.63943 30.427038
2596 1 233.55020 34.558122
2597 1 234.15737 38.729095
2598 1 234.56230 43.015408
2599 1 234.56209 47.220390
2600 1 233.99420 51.522225
2601 1 232.54318 55.655401
2602 1 230.61458 59.697028
2603 1 227.31632 63.630812
2604 1 221.93733 67.347655
2605 1 214.69711 70.520233
2606 1 203.67052 73.113668
2607 1 189.33221 74.476808
2608 1 172.84482 74.646340
2609 1 157.81379 73.441933
2610 1 147.05323 70.881564
2611 1 138.77225 67.690122
2612 1 133.37723 64.149868
2613 1 129.85744 60.281352
2614 1 127.45051 56.163469
2615 1 126.26503 51.984295
2616 1 125.63838 47.785923
2617 1 125.47135 43.530801
2618 1 125.71548 39.320263
2619 1 126.41141 35.108133
2620 1 127.50790 30.906966
2621 1 128.54838 26.833145
2622 1 130.15492 22.729384
2623 1 131.80399 18.943061
2624 1 133.62943 15.078905
2625 1 135.76006 11.432283
2626 1 138.14151 7.7856928
2627 1 140.62386 4.3312604
2628 1 143.51357 1.1853798
2629 1 146.45183 -1.8184345
2630 1 149.63101 -4.5818020
2631 1 153.08755 -6.9778455
2632 1 156.86258 -9.2519426
2633 1 160.68731 -11.117988
2634 1 164.66494 -12.767576
2635 1 168.90590 -13.891555
2636 1 173.22635 -14.718931
2637 1 177.60325 -15.167857
2638 1 182.02841 -15.147102
2639 1 186.27411 -14.732641
2640 1 190.62651 -14.011751
2641 1 194.82948 -12.851343
2642 1 198.89415 -11.451128
2643 1 202.84222 -9.5856704
2644 1 206.44267 -7.3691774
2645 1 209.88156 -4.9195672
2646 1 213.19423 -2.2306160
2647 1 216.22616 0.73327725
2648 1 219.05741 3.8612353
2649 1 221.61716 7.3864758
2650 1 224.00602 10.805400
2651 1 226.14070 14.619462
2652 1 225.02885 19.729017
2653 1 226.84835 23.749486
2654 1 228.07414 27.881076
2655 1 229.10146 32.050149
2656 1 229.85398 36.298433
2657 1 230.22502 40.581220
2658 1 230.13629 44.902169
2659 1 229.40920 49.165971
2660 1 228.14361 53.337087
2661 1 225.82887 57.367764
2662 1 222.07411 61.305914
2663 1 216.72239 64.820264
2664 1 209.64388 67.880227
2665 1 199.10822 70.161649
2666 1 186.55661 71.560231
2667 1 173.42245 71.440127
2668 1 160.36590 70.184108
2669 1 150.39046 67.906891
2670 1 143.06043 64.807871
2671 1 137.82017 61.185277
2672 1 134.16665 57.338817
2673 1 131.95594 53.295981
2674 1 130.51361 49.038435
2675 1 129.88650 44.771395
2676 1 129.69800 40.588102
2677 1 130.23388 36.249478
2678 1 130.96268 31.978108
2679 1 131.88120 27.847042
2680 1 133.33782 23.733746
2681 1 134.97718 19.708716
2682 1 136.87887 15.767456
2683 1 139.06224 12.081110
2684 1 141.50294 8.4716829
2685 1 144.17936 5.0931758
2686 1 146.95164 1.9635908
2687 1 150.18180 -0.91548557
2688 1 153.64230 -3.5164464
2689 1 157.14535 -5.8095496
2690 1 161.00183 -7.8220649
2691 1 165.09808 -9.4888201
2692 1 169.09570 -10.726094
2693 1 173.49855 -11.617520
2694 1 177.89085 -12.016309
2695 1 182.23410 -11.946052
2696 1 186.65544 -11.541827
2697 1 190.90094 -10.748729
2698 1 195.10864 -9.4894098
2699 1 199.07662 -7.8291675
2700 1 202.88772 -5.7851904
2701 1 206.47561 -3.4405865
2702 1 209.86130 -0.87271387
2703 1 213.03804 2.0745855
2704 1 215.99783 5.0753491
2705 1 218.52784 8.6613252
2706 1 221.08896 12.106305
2707 1 223.16421 15.856567
2708 1 222.10211 21.144626
2709 1 223.64809 25.195385
2710 1 224.97938 29.406717
2711 1 225.71452 33.660165
2712 1 226.18342 37.950323
2713 1 226.03324 42.228227
2714 1 225.36068 46.577790
2715 1 224.03631 50.830683
2716 1 221.58397 54.908569
2717 1 218.04036 58.734456
2718 1 212.71538 62.218765
2719 1 205.52026 65.210737
2720 1 196.07818 67.335020
2721 1 184.86977 68.428222
2722 1 173.17907 68.281225
2723 1 162.36519 67.041902
2724 1 153.46387 64.676289
2725 1 146.48397 61.710715
2726 1 141.46000 58.160434
2727 1 137.91300 54.269395
2728 1 135.88457 50.132032
2729 1 134.50245 45.905677
2730 1 133.91498 41.603982
2731 1 133.92978 37.229947
2732 1 134.43147 32.966785
2733 1 135.34980 28.706820
2734 1 136.62307 24.529546
2735 1 138.16648 20.522385
2736 1 140.20108 16.522324
2737 1 142.35785 12.913432
2738 1 144.76810 9.1804659
2739 1 147.69417 5.9507788
2740 1 150.70202 2.8385766
2741 1 154.00659 0.045439217
2742 1 157.49201 -2.5074968
2743 1 161.29969 -4.6273765
2744 1 165.43053 -6.2834319
2745 1 169.45943 -7.6113828
2746 1 173.77105 -8.4792141
2747 1 178.08083 -8.7782228
2748 1 182.59256 -8.8531852
2749 1 186.90742 -8.3017819
2750 1 191.12166 -7.3560950
2751 1 195.30579 -5.9520513
2752 1 199.35045 -4.3136861
2753 1 202.98790 -2.0589572
2754 1 206.59355 0.34054553
2755 1 209.83519 3.2910797
2756 1 212.79694 6.3545259
2757 1 215.55296 9.8092578
2758 1 218.03724 13.456126
2759 1 220.20064 17.164590
2760 1 219.15219 22.322831
2761 1 220.43476 26.513696
2762 1 221.54204 30.793345
2763 1 222.18702 35.157904
2764 1 222.20000 39.500293
2765 1 221.63857 43.869417
2766 1 220.17716 48.080463
2767 1 217.89174 52.172538
2768 1 214.32614 56.084289
2769 1 209.34143 59.515650
2770 1 202.18911 62.343625
2771 1 193.83836 64.381500
2772 1 183.57445 65.346657
2773 1 173.06941 65.227905
2774 1 163.63041 63.872297
2775 1 155.39992 61.526936
2776 1 149.15586 58.569575
2777 1 144.62202 54.971913
2778 1 141.29636 51.035930
2779 1 139.40241 46.929067
2780 1 138.23189 42.645108
2781 1 137.87578 38.213176
2782 1 138.05752 33.843744
2783 1 138.72965 29.500599
2784 1 139.87054 25.249915
2785 1 141.55167 21.120948
2786 1 143.38530 17.176014
2787 1 145.69300 13.402490
2788 1 148.36289 9.9060636
2789 1 151.24811 6.6704634
2790 1 154.42293 3.6646234
2791 1 157.96769 1.0219450
2792 1 161.60463 -1.2568692
2793 1 165.67896 -3.0246956
2794 1 169.72092 -4.5054344
2795 1 174.08201 -5.4002571
2796 1 178.39133 -5.7448810
2797 1 182.86848 -5.7153184
2798 1 187.13093 -5.1170892
2799 1 191.49132 -4.1728590
2800 1 195.56813 -2.6460990
2801 1 199.40318 -0.60979312
2802 1 203.18216 1.7005415
2803 1 206.58725 4.4226617
2804 1 209.73407 7.5337028
2805 1 212.48262 10.884424
2806 1 215.08993 14.584304
2807 1 217.13215 18.345026
2808 1 216.03229 23.669857
2809 1 217.32073 27.799947
2810 1 218.07624 32.139320
2811 1 218.39989 36.566792
2812 1 217.94145 40.979568
2813 1 216.79989 45.241275
2814 1 214.62289 49.430881
2815 1 211.19937 53.296817
2816 1 206.47752 56.725164
2817 1 199.96878 59.495526
2818 1 192.05637 61.402833
2819 1 182.61273 62.289099
2820 1 173.16905 62.089423
2821 1 164.44812 60.691440
2822 1 157.15418 58.359884
2823 1 151.45013 55.225838
2824 1 147.11910 51.606740
2825 1 144.36172 47.568355
2826 1 142.56847 43.325414
2827 1 141.79928 39.129685
2828 1 141.71419 34.592225
2829 1 142.20167 30.302776
2830 1 143.27994 26.007737
2831 1 144.80884 21.781773
2832 1 146.72668 17.708967
2833 1 149.21999 13.980523
2834 1 151.87463 10.497897
2835 1 154.90937 7.2812185
2836 1 158.34369 4.4584007
2837 1 162.02418 2.0649867
2838 1 165.90952 0.10012895
2839 1 170.11271 -1.3290313
2840 1 174.34011 -2.3637247
2841 1 178.84053 -2.7048469
2842 1 183.17489 -2.6718211
2843 1 187.54352 -1.8859006
2844 1 191.75407 -0.82748534
2845 1 195.84404 0.85556954
2846 1 199.70433 3.0148063
2847 1 203.24049 5.8002630
2848 1 206.53986 8.7864477
2849 1 209.43616 11.980676
2850 1 212.03241 15.631403
2851 1 214.17892 19.519651
2852 1 212.95532 24.766758
2853 1 214.14934 29.087459
2854 1 214.57856 33.473589
2855 1 214.42722 37.875725
2856 1 213.51404 42.239645
2857 1 211.57980 46.485414
2858 1 208.52795 50.342707
2859 1 203.77232 53.828933
2860 1 197.79842 56.530009
2861 1 190.32213 58.449316
2862 1 181.81463 59.307814
2863 1 173.30694 58.976221
2864 1 165.34066 57.478855
2865 1 158.58441 55.084007
2866 1 153.28219 51.857351
2867 1 149.69612 48.050852
2868 1 147.26240 44.024585
2869 1 145.88505 39.706688
2870 1 145.40038 35.249884
2871 1 145.68376 30.864717
2872 1 146.54033 26.553782
2873 1 148.05393 22.241751
2874 1 150.14912 18.354028
2875 1 152.56845 14.507607
2876 1 155.44755 11.060873
2877 1 158.74664 8.0604176
2878 1 162.20919 5.4355052
2879 1 166.18453 3.2829598
2880 1 170.26433 1.6625534
2881 1 174.74724 0.71429910
2882 1 179.15505 0.17110115
2883 1 183.57780 0.47409603
2884 1 187.86220 1.2886219
2885 1 192.04066 2.6065048
2886 1 196.13554 4.4559078
2887 1 199.91916 6.9618598
2888 1 203.30673 9.7553901
2889 1 206.35873 13.065620
2890 1 209.02061 16.618207
2891 1 211.16322 20.632096
2892 1 209.74931 25.813914
2893 1 210.69171 30.146015
2894 1 210.97312 34.656364
2895 1 210.36727 39.045467
2896 1 208.81813 43.351242
2897 1 205.91013 47.342834
2898 1 201.68839 50.875625
2899 1 196.11903 53.706986
2900 1 188.89647 55.489924
2901 1 181.06536 56.356865
2902 1 173.20983 55.837803
2903 1 165.83396 54.305850
2904 1 159.82224 51.749746
2905 1 155.21791 48.376732
2906 1 151.91630 44.492272
2907 1 150.06184 40.368670
2908 1 149.17850 35.904391
2909 1 149.20723 31.305521
2910 1 149.94185 26.989741
2911 1 151.37115 22.671866
2912 1 153.51306 18.814644
2913 1 156.12683 15.083646
2914 1 159.18166 11.769335
2915 1 162.69512 8.8360294
2916 1 166.62259 6.5881644
2917 1 170.66936 4.8183962
2918 1 174.91354 3.6948182
2919 1 179.41148 3.2761724
2920 1 183.91686 3.5880801
2921 1 188.19121 4.4724410
2922 1 192.48080 6.0301586
2923 1 196.44562 8.1486840
2924 1 199.98327 10.844866
2925 1 203.20277 14.012098
2926 1 205.93396 17.687336
2927 1 208.16929 21.597614
2928 1 206.53185 26.769617
2929 1 207.29573 31.240068
2930 1 207.23716 35.711195
2931 1 206.01808 40.035455
2932 1 203.56003 44.190868
2933 1 199.71735 47.815800
2934 1 194.41138 50.726730
2935 1 187.81179 52.601134
2936 1 180.55006 53.268929
2937 1 173.01946 52.813365
2938 1 166.29299 51.029794
2939 1 160.99332 48.241121
2940 1 157.00290 44.734931
2941 1 154.30552 40.740731
2942 1 152.88883 36.337118
2943 1 152.68028 31.807226
2944 1 153.32970 27.371106
2945 1 154.68213 23.068491
2946 1 156.86560 19.060346
2947 1 159.72333 15.419722
2948 1 162.99679 12.313812
2949 1 166.76156 9.8230395
2950 1 170.89370 7.8690030
2951 1 175.18177 6.7254856
2952 1 179.81659 6.2569959
2953 1 184.30550 6.6009378
2954 1 188.65577 7.7655002
2955 1 192.78783 9.4968033
2956 1 196.54486 11.973128
2957 1 200.01597 15.001350
2958 1 202.76417 18.707274
2959 1 205.08499 22.470465
2960 1 203.29602 27.717126
2961 1 203.87841 32.241955
2962 1 203.27626 36.683451
2963 1 201.32145 40.956094
2964 1 197.94019 44.727784
2965 1 193.19932 47.673014
2966 1 186.88919 49.685603
2967 1 180.01211 50.386984
2968 1 172.93703 49.675548
2969 1 166.79685 47.737148
2970 1 162.16967 44.665844
2971 1 158.59726 40.932247
2972 1 156.76961 36.711711
2973 1 156.21415 32.258904
2974 1 156.70576 27.804848
2975 1 158.08445 23.357732
2976 1 160.42345 19.496071
2977 1 163.48592 15.990866
2978 1 167.03937 13.186265
2979 1 171.05679 11.039568
2980 1 175.45742 9.6575249
2981 1 180.07512 9.2213012
2982 1 184.51425 9.7824091
2983 1 188.94693 11.060889
2984 1 192.96457 13.103469
2985 1 196.63976 15.902307
2986 1 199.63204 19.559536
2987 1 201.94032 23.486082
2988 1 200.14400 28.640534
2989 1 200.32634 33.120918
2990 1 199.09829 37.593379
2991 1 196.25492 41.531595
2992 1 191.92604 44.686019
2993 1 186.15183 46.708645
2994 1 179.42654 47.353834
2995 1 172.89803 46.532760
2996 1 167.46990 44.301848
2997 1 163.20424 40.920586
2998 1 160.78387 36.886847
2999 1 159.75487 32.437540
3000 1 160.01886 28.010238
3001 1 161.59607 23.708334
3002 1 164.11687 19.754745
3003 1 167.26180 16.495275
3004 1 171.40980 14.205530
3005 1 175.63456 12.631108
3006 1 180.38508 12.261286
3007 1 184.95910 12.836245
3008 1 189.25899 14.511024
3009 1 193.15902 17.100893
3010 1 196.44939 20.299911
3011 1 198.78962 24.296424
3012 1 196.74267 29.354595
3013 1 196.52878 34.025838
3014 1 194.59490 38.188038
3015 1 190.65489 41.585121
3016 1 185.38004 43.682813
3017 1 179.07614 44.292995
3018 1 172.96450 43.279043
3019 1 168.05569 40.749477
3020 1 164.77240 37.053883
3021 1 163.20296 32.690446
3022 1 163.33545 27.997796
3023 1 165.11187 23.847831
3024 1 167.91983 20.135353
3025 1 171.65190 17.322544
3026 1 175.99361 15.661748
3027 1 180.70439 15.216437
3028 1 185.35919 16.033229
3029 1 189.59825 18.033919
3030 1 193.09185 21.169185
3031 1 195.61549 25.100373
3032 1 193.46260 30.094592
3033 1 192.59165 34.576281
3034 1 189.59001 38.391512
3035 1 184.65404 40.834300
3036 1 178.53568 41.481421
3037 1 172.97888 39.970015
3038 1 168.85193 36.809935
3039 1 166.81467 32.705097
3040 1 166.78760 28.095517
3041 1 168.70550 23.920998
3042 1 172.02180 20.570962
3043 1 176.33551 18.711108
3044 1 181.04339 18.185820
3045 1 185.75159 19.253257
3046 1 189.63674 21.914377
3047 1 192.30361 25.780383
3048 1 190.01614 30.804046
3049 1 188.33168 34.985419
3050 1 184.10764 37.814217
3051 1 178.44158 38.262296
3052 1 173.19721 36.535978
3053 1 170.45387 32.578133
3054 1 170.19936 28.122390
3055 1 172.58185 24.128812
3056 1 176.57415 21.648453
3057 1 181.43357 21.167923
3058 1 185.89371 22.882197
3059 1 189.05634 26.422544
3060 1 186.39254 31.274710
3061 1 183.45485 34.801948
3062 1 177.97344 35.296099
3063 1 174.10079 32.484635
3064 1 173.75363 28.091681
3065 1 176.94473 24.744123
3066 1 181.82293 24.227867
3067 1 185.57897 26.978091
3068 1 182.55139 31.503200
3069 1 177.99030 31.937833
3070 1 177.52518 28.094832
3071 1 182.00340 27.636542
